 -7.4173130e-001  2.2890677e+000
 -8.5192714e-001  8.7899067e-001
  8.6191029e-001  9.2051617e+000
  4.4143549e-001  5.8202303e+000
  1.6494020e+000  4.5163982e+001
 -4.4618220e-001  2.4748689e+000
 -1.1093364e-001  1.9735702e+000
  2.0372948e+000  2.9245859e+001
 -5.7860238e-001  2.1058236e+000
 -1.5078034e-001  4.0889610e+000
 -2.0268474e-001  2.7946339e+000
  2.0329058e+000  4.5535767e+001
  7.2354500e-001  6.1372314e+000
  9.1590446e-001  8.9862579e+000
  1.5322104e-001  4.1247563e+000
  8.0914886e-001  7.1937167e+000
 -9.9590932e-001  8.7851708e-001
  1.0696544e+000  4.5901500e+000
 -1.5352113e+000  8.5846535e-001
  2.3527244e+000  1.0841448e+002
  5.2896474e-001  4.7700867e+000
 -3.3050172e-001  3.3217125e+000
  1.1175257e+000  1.7156761e+001
 -2.1818997e+000  1.2269571e-001
 -1.8307664e+000  2.1349353e-001
 -8.0811458e-001  1.7975594e+000
 -1.6861091e-001  4.2523077e+000
 -6.7229106e-001  2.7662712e+000
  2.3167647e+000  3.2382031e+001
  1.9176222e-001  6.5286430e+000
 -9.3613169e-001  1.5814550e+000
  7.0077801e-001  6.9796447e+000
 -8.9963416e-001  1.1552050e+000
 -3.8871222e-001  1.5147475e+000
 -1.8739501e-002  1.9919697e+000
 -4.5699859e-001  2.3954454e+000
 -3.3337633e-001  3.0289502e+000
  3.5334509e-001  5.7447725e+000
 -7.2019473e-001  1.5269793e+000
  6.1530274e-001  5.9938465e+000
 -4.2348744e-001  1.2517857e+000
  1.1980169e+000  1.3828680e+001
  4.7838111e-001  6.6925701e+000
 -1.6629644e+000  4.1959609e-001
 -2.5511235e-001  2.1537083e+000
 -6.1054018e-001  9.4716970e-001
 -3.5657543e-001  1.3400857e+000
 -8.1043119e-001  1.7778994e+000
 -5.5204531e-001  1.1427198e+000
 -1.5230598e+000  8.8043401e-001
  2.0906483e+000  4.4561031e+001
  8.1054372e-001  1.5140160e+001
  4.6577369e-001  2.3982386e+000
  9.9682634e-002  3.5734150e+000
  5.8093255e-001  4.4529941e+000
  5.0981289e-002  4.9307696e+000
 -1.1814553e+000  1.5748801e+000
 -1.7855956e-002  4.3921182e+000
 -4.8790833e-001  1.6742067e+000
 -1.5390104e+000  3.7624537e-001
  1.9412618e-001  1.8368415e+000
 -1.6494983e+000  9.8655388e-001
  4.1125033e-001  8.8686982e+000
  4.0036266e-001  4.7855325e+000
  3.6132932e-001  5.5250946e+000
 -4.7822920e-001  1.2479528e+000
 -1.3702540e+000  4.7125923e-001
  3.2859472e-002  3.8904695e+000
 -4.2906589e-002  5.1791399e+000
  3.9271521e-001  5.8995774e+000
  1.0515219e+000  2.3161580e+001
  8.6011229e-001  1.1094022e+001
  1.0402680e+000  7.8191762e+000
  1.1752331e-001  2.5901024e+000
  9.6307074e-001  1.3093475e+001
  1.3852884e+000  9.9169462e+000
 -1.0883183e+000  9.9226862e-001
  1.3396102e+000  1.1888333e+001
  1.6744104e-001  8.5571055e+000
  5.2843672e-001  6.3554387e+000
  1.7972570e-001  4.6459660e+000
  5.8976547e-001  3.1296250e+000
 -1.1480543e+000  6.0099948e-001
  2.2171406e-001  3.0270807e+000
 -1.3221656e+000  9.1612042e-001
 -1.0811832e+000  1.4723590e+000
  1.0372332e+000  1.0811866e+001
 -1.3929409e+000  7.0530075e-001
 -8.0786858e-001  1.1964894e+000
 -3.1680420e+000  7.2834334e-002
  5.6648451e-001  5.1738421e+000
  2.3878393e-002  2.2610064e+000
  8.7145568e-002  4.1861924e+000
  2.3555029e-001  5.4129187e+000
  3.1995579e-001  6.5270734e+000
 -2.2095898e-001  2.9282611e+000
  1.4172757e+000  2.6294977e+001
 -2.0164124e+000  2.3977905e-001
  8.6130012e-001  8.0110307e+000
  3.1608763e-001  4.7466482e+000
  1.0463076e+000  1.1687316e+001
 -8.9904194e-001  1.1555046e+000
  2.8077762e-001  2.6988337e+000
 -1.7530035e+000  3.0843132e-001
 -9.9018740e-001  9.8874636e-001
 -1.1628504e+000  5.2791608e-001
 -7.9859244e-001  7.1039610e-001
  7.9920305e-001  8.3271893e+000
  7.6727692e-001  9.7818361e+000
  9.0008017e-003  4.3750455e+000
 -2.1272447e+000  1.4150944e-001
  8.5852549e-001  8.2550266e+000
 -5.4417946e-001  1.6029591e+000
 -1.0777158e+000  5.9683586e-001
 -2.7001502e-001  2.7583247e+000
 -1.1885803e+000  1.5465427e+000
 -7.6095856e-001  1.3812059e+000
  3.1701318e-002  5.0435918e+000
  1.3752285e+000  3.0797640e+001
 -7.8581947e-001  1.0511809e+000
 -1.5960087e+000  1.0789583e+000
 -2.1491815e+000  1.7402390e-001
 -2.4782878e+000  1.7167501e-001
  1.8543150e-001  2.5560504e+000
 -1.6706501e+000  3.3145824e-001
  9.2449598e-001  9.7456829e+000
 -8.7600474e-001  1.4243081e+000
  2.8867741e-001  9.0021969e+000
 -2.9086768e+000  8.0593262e-002
  4.5185905e-001  1.0383465e+001
  9.9744233e-001  8.6433448e+000
 -8.1701153e-001  9.6831685e-001
 -1.7155251e+000  5.5200568e-001
  7.2068530e-001  1.4532005e+001
 -6.2851388e-001  1.7280623e+000
 -8.7771337e-001  6.8223295e-001
 -3.5854558e-001  2.3047138e+000
 -9.4086979e-001  1.9932085e+000
  7.7827621e-001  9.4802254e+000
 -1.0058237e+000  1.6044459e+000
  3.9445376e-003  3.4602468e+000
 -8.0953948e-001  7.3531005e-001
 -1.4350212e-001  3.8153444e+000
  7.5678049e-001  7.9935969e+000
  4.4253111e-001  2.9579067e+000
 -1.1222941e+000  1.5226271e+000
  1.8418334e-001  4.8389885e+000
  1.4525779e+000  2.0615688e+001
 -7.5116322e-001  1.6741992e+000
  6.0197633e-001  1.3028573e+001
 -1.8820188e+000  5.8271216e-001
  1.9798189e+000  3.5402291e+001
  6.8494254e-001  5.9451821e+000
  1.1552318e+000  8.2127138e+000
  1.7563489e+000  3.6299186e+001
 -3.2850276e-001  3.4428238e+000
 -7.1643049e-001  2.0126811e+000
  4.7000139e-001  4.8507489e+000
 -2.4340540e-002  2.3526394e+000
  7.6588130e-001  8.3946492e+000
 -1.0107153e+000  1.1994240e+000
 -1.5398086e+000  7.2058958e-001
 -2.4020657e+000  3.9482233e-001
  5.3165371e-001  9.7568818e+000
  5.4222097e-001  4.0777535e+000
  2.1294274e+000  2.7500393e+001
  1.2923581e+000  1.8040245e+001
 -7.2385741e-001  2.0322653e+000
 -8.8746608e-002  1.7785849e+000
 -5.7492308e-001  9.8524985e-001
 -8.9722240e-001  6.6256501e-001
 -7.1698709e-001  7.2040006e-001
 -9.3442135e-001  1.0419324e+000
  1.0412872e-001  3.9459995e+000
 -3.0864328e+000  6.3350771e-002
  1.6472267e-001  2.2076783e+000
 -1.9685426e+000  3.6803768e-001
  1.6509351e-001  4.2057447e+000
  7.7094373e-001  5.0537699e+000
  1.8725930e-001  2.4568588e+000
  9.0694767e-001  4.7009745e+000
 -4.4496125e-001  2.9756522e+000
 -1.6568290e-001  4.2928724e+000
  1.3714325e+000  1.7210043e+001
 -3.2406831e-001  2.8272022e+000
 -2.9192167e-001  2.3474608e+000
 -9.9879182e-001  1.0189624e+000
 -6.4155669e-002  3.0857172e+000
 -7.4925698e-001  2.0308094e+000
  1.4757726e+000  1.6690365e+001
  2.3459875e-001  3.5584275e+000
 -7.3408153e-002  3.5136561e+000
 -1.5268000e+000  4.4369574e-001
  6.3566478e-001  7.4051430e+000
  1.0273545e+000  1.5985856e+001
  6.8444382e-002  3.6505222e+000
  4.3009721e-001  6.3659845e+000
 -1.3045470e+000  1.0827352e+000
  7.5757950e-001  1.2980811e+001
 -9.3611572e-001  4.4191931e-001
  1.5930927e+000  2.1940526e+001
  1.6804066e+000  2.5747036e+001
  2.7224914e-002  2.4871242e+000
 -8.0949881e-001  9.9768896e-001
 -6.1938036e-002  1.8591793e+000
  9.5958228e-001  5.6402562e+000
 -7.3375361e-001  1.2109540e+000
 -7.8820870e-001  7.3882727e-001
  3.0510370e-001  8.6992330e+000
  5.9159715e-001  5.1284734e+000
  1.0150455e-001  2.1972902e+000
 -1.9855552e+000  4.2617154e-001
 -2.0617919e+000  1.2831590e-001
 -4.6108346e-001  1.4196009e+000
 -4.8955728e-001  1.6962736e+000
 -5.8440648e-001  2.7500883e+000
 -8.4780947e-001  1.5286441e+000
 -1.2047667e+000  8.5496074e-001
 -1.8899170e-001  3.1480303e+000
  1.1037616e+000  1.6969540e+001
  1.6224175e-001  5.1789892e+000
 -5.3654989e-002  4.5016548e+000
 -1.0504234e+000  1.1277105e+000
 -9.1572758e-001  8.5406601e-001
 -2.4609549e+000  9.6829631e-002
  5.8377195e-001  2.0663950e+000
 -6.4594499e-001  1.3520257e+000
 -1.2586156e-001  4.2057570e+000
  7.8557588e-001  6.1601999e+000
 -5.9839640e-001  1.4188795e+000
 -1.2776938e+000  1.0621484e+000
  6.6867361e-001  7.3457805e+000
 -2.3197680e-001  9.7012995e-001
  4.4132858e-002  1.9534770e+000
  7.0788481e-002  3.8886332e+000
 -3.2023481e-001  1.2005594e+000
 -1.5115334e+000  6.4503649e-001
  1.2783238e-001  3.0068144e+000
 -1.9122243e+000  4.5878305e-001
  1.5821913e+000  1.1283435e+001
  1.1046396e+000  1.3078403e+001
 -1.1741750e+000  7.2251900e-001
 -9.1422123e-001  1.0673280e+000
  4.3979549e-001  5.7211887e+000
  6.1850144e-001  7.8345144e+000
  7.9112263e-002  2.3434150e+000
 -1.2583266e+000  4.8870444e-001
  2.2123608e-001  3.0010715e+000
  1.8076474e-001  3.3573183e+000
  2.6776133e-001  8.2898077e+000
  5.2128279e-001  8.9747183e+000
 -1.7197267e-002  4.3150461e+000
 -1.8270726e+000  3.6692923e-001
  5.7131082e-002  3.7924829e+000
 -6.8478644e-001  1.0947933e+000
  1.4516965e+000  2.6034634e+001
 -2.4471906e+000  3.5212844e-001
 -3.2615797e-001  2.7038424e+000
  2.8154232e-001  5.7251805e+000
 -2.5534437e+000  9.3684382e-002
 -5.0598695e-001  2.4802347e+000
  2.5238354e-001  3.1789260e+000
 -7.3734402e-001  1.4440854e+000
  2.6347219e-001  4.8797392e+000
 -5.1208393e-002  3.7486440e+000
  2.0845121e+000  5.0023283e+001
 -1.4274668e+000  6.1440106e-001
  5.2130188e-001  6.4648798e+000
 -1.3065990e+000  1.2737028e+000
  1.1817698e+000  8.0803976e+000
 -1.1058633e+000  9.5761069e-001
  4.8882747e-001  5.4302350e+000
 -9.9676889e-001  6.2097629e-001
  1.0309507e+000  7.9963110e+000
 -2.7041083e-001  7.2950242e+000
  1.2806616e+000  8.9367109e+000
 -5.9291774e-001  2.0879173e+000
 -1.3128130e+000  6.6614597e-001
 -2.0214759e-001  4.1454088e+000
  4.2389238e-001  1.2178078e+001
 -1.2081410e+000  9.5843717e-001
 -3.3563184e+000  5.9006728e-002
  1.6787172e-001  5.3728734e+000
  7.9098749e-001  2.0024106e+001
  6.3583040e-001  7.2003246e+000
  4.2654132e-001  5.7700206e+000
 -8.3989537e-002  1.9623856e+000
  8.7541373e-001  1.0879631e+001
 -2.3073486e+000  1.2976264e-001
 -1.7569014e+000  6.9213065e-001
 -1.3632265e+000  6.5498484e-001
 -1.6144614e+000  4.0313942e-001
  1.0351584e-001  5.1259703e+000
  6.9982181e-001  2.9290071e+000
 -1.8372276e+000  2.4375396e-001
  6.9486981e-001  9.4806648e+000
  2.4532525e+000  5.0755216e+001
  4.6671125e-001  1.0519947e+001
 -7.8046315e-001  1.1471918e+000
  7.9149206e-001  9.8010996e+000
  6.8176840e-001  8.4926750e+000
  6.9330183e-001  7.4841549e+000
  2.7851093e+000  1.8847722e+002
  1.8442699e+000  2.6668651e+001
 -1.6297258e+000  2.7031315e-001
  8.0836103e-001  5.9710492e+000
  1.7401510e+000  2.3566619e+001
 -9.7572443e-001  1.2990132e+000
 -4.2560323e-001  1.4162851e+000
  9.5694046e-001  9.6496081e+000
  5.5989879e-001  5.7193601e+000
  1.4081327e+000  1.2426739e+001
  1.8357132e+000  5.2974576e+001
 -4.3948191e-001  2.2234693e+000
  3.3176291e-001  3.1517824e+000
 -4.2550402e-001  1.9510723e+000
  4.0621926e-001  7.1983047e+000
  1.9905569e+000  2.3606743e+001
  1.3771164e+000  3.0029975e+001
  8.1279777e-001  9.0297617e+000
 -8.4641619e-001  9.3147378e-001
 -4.8421516e-001  9.3511144e-001
 -3.8618853e-001  2.0780756e+000
  1.2061873e+000  3.5153245e+000
  2.3163697e-002  2.5783706e+000
  7.7401595e-001  5.4782811e+000
 -5.3145400e-001  2.9089773e+000
 -9.7471903e-001  2.0201567e+000
  1.3466199e+000  8.4365461e+000
 -1.0395063e+000  7.7122963e-001
  4.7818705e-001  3.1547724e+000
  1.2446730e-001  4.3127535e+000
  1.2038205e+000  1.0272848e+001
 -3.0944893e-001  1.2683331e+000
  1.4282329e+000  3.0811057e+001
 -1.9444644e+000  2.2830579e-001
 -8.0976722e-001  9.2065417e-001
 -4.6245177e-001  1.8941666e+000
 -8.9146126e-001  1.8291033e+000
 -1.0613210e+000  1.0733046e+000
  1.3408135e-001  3.2304168e+000
  7.8774829e-001  9.4251538e+000
  1.1617122e+000  8.4329653e+000
 -1.9432134e+000  4.4575650e-001
  4.5766220e-001  3.1933209e+000
  1.1616296e+000  1.5142918e+001
  1.3806982e+000  1.1577872e+001
 -5.4791789e-002  5.1144243e+000
  1.4050994e-002  5.4959171e+000
  1.0445651e+000  9.5057513e+000
  1.5180469e+000  2.1481591e+001
 -2.2125736e+000  1.0373856e-001
  1.1854460e+000  1.4720321e+001
  9.9909941e-001  9.6849049e+000
  3.7788236e-001  2.4557012e+000
 -7.3243102e-001  1.3421190e+000
  2.8129288e+000  9.7449438e+001
 -2.7478411e-001  1.5433317e+000
  1.5221342e+000  1.1660771e+001
  2.3390755e+000  7.5331511e+001
 -2.3971810e-001  4.0742003e+000
  2.0111813e+000  3.3645401e+001
  1.9309010e+000  4.3473847e+001
 -1.9014500e-001  4.5894181e+000
  1.2187952e+000  1.8022581e+001
 -1.5342356e+000  5.5176602e-001
  9.7675802e-001  5.9467279e+000
 -1.2011653e-001  2.6473452e+000
 -9.0880512e-001  1.5074350e+000
 -4.7412116e-001  1.8921426e+000
  1.1711819e+000  1.6292253e+001
 -4.6217611e-001  1.8500973e+000
 -7.9884788e-001  1.5114867e+000
 -4.5607785e-001  2.2945820e+000
  7.6696261e-001  6.9614209e+000
 -1.2399271e+000  7.7853092e-001
  3.5125801e-001  4.5280606e+000
 -5.5796218e-002  3.4799312e+000
 -3.4979993e-001  5.2026052e+000
 -2.0198782e+000  2.0649768e-001
 -1.1145842e-001  3.4114299e+000
 -6.8284251e-001  1.2590900e+000
 -1.6905332e+000  5.2230721e-001
  2.0325644e-002  4.7274278e+000
 -2.5980648e+000  1.3905572e-001
  8.2046594e-001  1.5329031e+001
  4.9687801e-002  3.4206898e+000
 -1.1288362e+000  7.8382904e-001
  8.2900999e-001  1.0824768e+001
 -7.4406681e-001  1.5274871e+000
 -5.4720421e-001  5.4130011e+000
  1.8711327e-001  6.6143836e+000
 -1.1515128e+000  1.4333492e+000
 -1.1673472e+000  4.7444573e-001
 -1.1990618e+000  6.6889939e-001
  1.2167269e+000  8.7483518e+000
 -7.5432513e-001  4.3046368e+000
  8.4056656e-001  3.8705851e+000
  3.7917282e-001  4.3723934e+000
 -1.0720288e+000  1.5798025e+000
  7.2948093e-001  4.1272916e+000
 -4.0111895e-001  1.5520315e+000
  5.3642221e-001  8.8743421e+000
  6.4473071e-001  8.2064321e+000
 -1.1488546e-002  5.1078195e+000
 -7.1819635e-001  2.1093450e+000
  1.6491185e+000  3.3737254e+001
 -1.1711624e-001  3.2490458e+000
 -2.7587181e-001  2.8125279e+000
 -7.1902263e-001  1.0027477e+000
 -4.4450604e-001  1.2721345e+000
  7.2358081e-002  1.9631673e+000
 -1.7567918e+000  4.7164360e-001
 -1.6018333e+000  4.8273131e-001
 -1.2282789e-001  3.2443412e+000
 -6.7681419e-001  3.2700250e+000
  3.0196902e-001  9.0261816e+000
 -2.4802248e+000  2.1189927e-001
 -6.4394256e-002  2.6534520e+000
 -6.2861772e-001  8.6251178e-001
 -4.9708211e-002  4.5467760e+000
  1.5044529e-001  8.1054192e+000
 -2.5458650e-001  1.8434506e+000
  3.8330332e-001  5.7813584e+000
 -3.6037897e-001  3.2053649e+000
  6.5135412e-001  8.0674159e+000
  6.1143812e-001  8.9604269e+000
  8.7536527e-001  5.9980811e+000
  2.0248465e+000  7.2524826e+001
 -2.8173925e-001  1.6636774e+000
  1.8066186e+000  1.4813275e+001
  2.1767552e-002  1.6720074e+000
  8.8757134e-002  7.4639108e+000
  9.5639769e-001  5.2314703e+000
 -9.2911328e-001  1.6926511e+000
 -1.5506031e+000  7.7564430e-001
 -1.0056854e-001  2.4064529e+000
 -1.0662280e+000  6.1344368e-001
 -3.7212321e-001  4.5062171e+000
 -1.7792112e+000  6.0589388e-001
 -1.1180076e+000  7.8201201e-001
  3.3059262e-001  5.8475032e+000
 -1.2174057e+000  5.4960880e-001
  4.3226444e-001  5.3424269e+000
 -9.2773547e-001  1.0706120e+000
  4.6784646e-001  4.7900656e+000
 -5.9749984e-001  1.4271205e+000
 -6.4488654e-001  1.7074763e+000
 -7.2496535e-001  1.4520687e+000
  1.4034716e-001  3.7039673e+000
 -4.5756068e-002  2.1258935e+000
 -5.8813517e-001  1.5404200e+000
 -9.5018350e-001  1.0864495e+000
 -2.9128251e-001  2.5970825e+000
  9.1008518e-001  1.2705479e+001
  7.2102969e-002  5.2575667e+000
  6.5269002e-001  7.2533985e+000
 -1.0115101e-001  2.4514417e+000
  7.4182276e-001  7.5343405e+000
 -2.3892391e-001  1.8462770e+000
  5.6565357e-001  6.6926005e+000
 -4.1360054e-001  1.5212055e+000
  1.5906605e+000  1.7996311e+001
 -2.4561647e-001  4.3009552e+000
  6.6571989e-002  3.5744511e+000
 -8.6485780e-001  1.2419273e+000
  5.4772304e-001  5.4412546e+000
  6.4846110e-001  1.4845468e+001
  8.8165312e-001  1.4143242e+001
 -6.5476147e-001  8.9206135e-001
  2.9892291e-001  2.8683310e+000
 -1.1270270e-001  3.4902487e+000
 -4.8878091e-001  1.8110244e+000
 -8.0972611e-001  2.6144214e+000
  1.0445480e+000  5.4322803e+000
 -1.5758494e+000  7.0027199e-001
 -1.0867867e+000  7.6225930e-001
  4.8058873e-001  6.1422806e+000
  4.7419130e-001  5.3733489e+000
  1.1692807e+000  8.0135793e+000
  2.1456356e+000  2.6024908e+001
  3.0293436e-001  2.8228586e+000
  1.9161169e-001  4.6742230e+000
 -2.4163536e-001  1.6922264e+000
 -1.2187096e-001  1.8285981e+000
 -7.1209842e-001  1.3050838e+000
  4.3978209e-001  2.3339872e+000
 -5.2765248e-001  1.0824271e+000
 -4.9080264e-001  1.3845216e+000
  4.4861206e-001  3.0639229e+000
 -5.2226950e-001  3.1010863e+000
  8.9768421e-001  1.4204465e+001
 -2.0681556e+000  1.7383799e-001
 -1.6188637e+000  9.1027281e-001
 -8.5535750e-001  1.2561318e+000
  4.4293265e-001  4.8270995e+000
 -5.9343726e-001  1.6180116e+000
 -1.5139314e+000  3.9006275e-001
 -2.0073898e+000  3.8076441e-001
 -1.7390473e-002  3.4541563e+000
 -1.4239696e+000  7.8509659e-001
  5.7882340e-001  9.8108454e+000
  1.1372679e+000  8.8336780e+000
 -3.8809499e-001  2.6599715e+000
  1.2168279e+000  5.7566178e+000
  1.6302725e+000  2.0456360e+001
 -8.7107008e-001  1.0999867e+000
 -6.9522769e-002  1.7153555e+000
 -1.1013060e+000  7.0582651e-001
 -1.7171826e-001  2.1605103e+000
 -5.8939825e-002  2.1453074e+000
 -1.6924874e+000  7.2382980e-001
 -1.5456974e+000  5.6955275e-001
  2.2696677e+000  5.1256874e+001
  6.1998533e-001  1.0617892e+001
 -1.4217840e+000  8.3722154e-001
  5.8709558e-001  4.3658672e+000
  3.1151414e-001  3.0254977e+000
 -8.5174792e-001  6.3163564e-001
 -7.8989348e-001  4.6716780e-001
  6.4089799e-001  9.4345064e+000
 -1.0896076e+000  3.5504921e-001
  9.3570985e-001  1.4701459e+001
  1.7872384e+000  7.3695045e+001
 -3.4549624e-001  2.7016601e+000
  7.5372522e-001  1.1410501e+001
  9.6522339e-002  3.7142425e+000
 -5.8824689e-001  1.9483793e+000
  1.3205279e+000  2.2555514e+001
  4.0264838e-002  3.4530226e+000
  9.4788266e-001  7.1620808e+000
 -1.4522730e-001  1.1070560e+000
 -1.1351810e-001  4.0434310e+000
 -4.4671936e-001  1.6599864e+000
 -4.8347532e-001  1.5702807e+000
 -1.1741685e+000  6.7423011e-001
 -2.0493893e+000  4.8065933e-001
 -4.6714160e-001  1.2472643e+000
 -1.7579213e-001  2.3619655e+000
 -8.8397393e-001  6.9244753e-001
  4.9859422e-001  5.7745965e+000
  7.8918580e-001  1.0055086e+001
 -1.5756561e+000  5.1656876e-001
 -5.3311402e-001  2.8725214e+000
  1.8504469e+000  2.5762527e+001
 -7.6792073e-001  1.4681294e+000
 -4.3699507e-001  2.3697494e+000
  7.6073922e-002  2.8870719e+000
 -1.3316050e+000  5.7607140e-001
 -9.3366804e-001  1.3327945e+000
 -1.1569524e-002  3.6584435e+000
 -5.0386365e-001  1.8187484e+000
  2.6247792e-001  4.6532428e+000
 -4.5110732e-001  1.9071970e+000
 -9.1759550e-002  6.4151948e+000
 -1.9449551e+000  2.9692000e-001
  9.2558114e-001  1.2454977e+001
 -1.9672901e+000  5.3394345e-001
  2.7751378e-001  3.5310677e+000
 -7.5775285e-001  7.4894473e-001
 -2.1446850e-001  2.8094508e+000
  1.1685047e+000  1.4788071e+001
  3.5268267e-001  4.4417440e+000
 -2.3239107e-001  1.8657422e+000
 -1.8382252e+000  2.8557508e-001
 -1.4325994e+000  7.7716132e-001
 -9.5200516e-001  1.4875048e+000
  7.5586883e-001  9.5628116e+000
 -1.4194050e+000  4.9863165e-001
 -3.7551523e-001  2.9605261e+000
  1.6480562e+000  2.2116252e+001
  6.1234947e-001  7.6730902e+000
  1.1506687e-001  4.2085029e+000
  2.5538589e-001  5.0118297e+000
 -1.1447312e+000  4.9012429e-001
  8.5147395e-001  8.7204473e+000
 -4.2192718e-001  2.8304808e+000
 -5.1760013e-001  1.7158131e+000
 -9.7958972e-001  1.0018648e+000
 -8.8624257e-001  9.8442115e-001
  8.1314933e-001  8.4014372e+000
  4.2797751e-001  8.9123294e+000
  7.6082825e-001  5.7363853e+000
 -6.6997998e-001  1.6206217e+000
 -9.2730867e-003  1.4629359e+000
 -9.6856327e-001  2.0789516e+000
  1.9640866e-001  2.8247900e+000
 -1.2004141e+000  6.7680279e-001
  1.8325894e-001  6.6759631e+000
 -6.1559615e-001  2.1407957e+000
 -1.1458780e+000  8.8140253e-001
 -2.1566598e+000  2.4586627e-001
  2.0707762e+000  3.7089576e+001
 -5.3053869e-001  2.9555459e+000
 -4.7904645e-002  3.5286459e+000
  1.2038417e+000  8.9757138e+000
  9.4063922e-001  1.1144766e+001
  1.0049762e+000  1.1830111e+001
  5.8177468e-002  3.5610589e+000
  6.1768549e-001  6.4841737e+000
  4.9638506e-001  6.0894376e+000
  7.3255324e-002  3.5279589e+000
 -4.3255300e-003  3.8393288e+000
 -6.3737324e-001  1.7738917e+000
  2.4441229e+000  6.0746175e+001
  6.0181678e-001  6.3144128e+000
 -3.9778144e-001  1.5270494e+000
 -7.2837528e-001  1.6056090e+000
  3.0903078e-001  3.9935630e+000
 -1.3320559e+000  3.7564847e-001
  4.1595657e-001  3.8233653e+000
 -1.9331809e+000  4.2866209e-001
 -1.2564525e+000  7.5333207e-001
 -4.1433421e-001  6.7475952e+000
  1.4784473e+000  1.7946921e+001
 -1.3436807e-001  2.0913244e+000
  2.7423120e-001  5.4496770e+000
 -7.4595541e-001  1.3336065e+000
  5.9940230e-001  8.6605282e+000
  1.5277892e+000  3.5377123e+001
  1.3447275e+000  2.2817691e+001
  3.9561733e-001  4.2761494e+000
  2.4342012e-001  2.9887256e+000
 -1.4867893e-001  2.3521474e+000
  9.4465412e-001  6.2308735e+000
 -4.8463353e-001  2.4990450e+000
 -1.9289341e+000  4.7858050e-001
 -4.5386023e-001  1.4964380e+000
  9.8497372e-001  1.3332417e+001
  7.8930748e-001  7.3902902e+000
 -6.1701251e-001  2.1288976e+000
  4.2838211e-001  4.6302133e+000
  9.3595247e-001  6.9591102e+000
  2.7703902e-001  4.6382986e+000
 -9.5656240e-001  1.3904171e+000
 -8.6792364e-001  1.6232426e+000
 -1.0802563e-001  2.3557562e+000
 -2.7657197e-001  4.0804788e+000
  1.4549983e+000  2.1350554e+001
  2.1821677e+000  3.9734440e+001
 -2.5275173e-001  3.5190185e+000
 -6.0778008e-001  1.3221179e+000
 -1.0354632e+000  4.5794766e-001
  2.2140624e-001  2.5475273e+000
 -5.9184389e-002  3.2084424e+000
 -9.1810860e-001  1.1879456e+000
 -1.4830368e+000  1.2964736e+000
 -4.3035804e-001  1.7002260e+000
 -2.0322648e+000  2.2704693e-001
  5.0691627e-001  4.4741572e+000
  4.9501833e-001  4.2228486e+000
  1.8369135e-004  2.6549325e+000
  3.4290181e-001  6.3988015e+000
  6.0587052e-001  6.2368134e+000
 -2.0707355e+000  1.7510095e-001
 -5.0532593e-001  2.6602760e+000
 -1.5593552e+000  1.2625196e+000
  1.3487078e+000  1.9634511e+001
 -2.9939681e-001  2.5186681e+000
 -8.6547328e-001  1.8625878e+000
  4.7725489e-001  3.0294024e+000
  4.7989342e-001  5.2562899e+000
  8.5086511e-001  6.0424453e+000
  7.0846986e-001  7.0634375e+000
  6.0859863e-001  8.2731005e+000
 -4.5219669e-001  1.1907904e+000
 -3.1709185e-001  2.0836425e+000
 -1.4048669e+000  5.8339013e-001
 -5.6979990e-002  2.0924388e+000
 -2.9779283e-001  1.4715606e+000
  1.0938250e+000  1.2323482e+001
 -3.9857466e-001  1.7605517e+000
 -9.9205200e-001  9.7538393e-001
 -1.1660062e+000  5.0072745e-001
  8.6043352e-001  9.6168085e+000
  6.0543900e-002  3.8759278e+000
  1.1383651e+000  2.2549108e+001
  1.1887140e-001  2.8248256e+000
  5.4980104e-001  2.7940469e+000
  5.8859134e-001  3.3229486e+000
 -1.5327677e+000  6.8331478e-001
  1.7476857e-001  4.3143517e+000
  2.8462828e-001  4.9179578e+000
  2.5649792e-001  5.1699748e+000
 -1.1913437e-001  3.2407773e+000
 -1.2696434e-001  3.9437800e+000
 -1.5023764e+000  4.2590279e-001
 -2.2747739e-001  2.0943847e+000
 -2.1199372e-001  1.5623365e+000
  1.2290514e+000  1.9561694e+001
 -5.4046754e-001  2.2030344e+000
 -7.3498809e-001  2.8955686e+000
 -7.2573457e-001  9.8178475e-001
  3.3140463e-001  5.7225028e+000
 -1.3262662e+000  8.4268171e-001
  1.9878107e+000  4.0434426e+001
 -5.7555236e-001  9.6128932e-001
  5.4064001e-001  6.3780839e+000
  1.7589209e+000  4.7116842e+001
 -3.1405522e-001  1.7635793e+000
  8.1239144e-001  9.8366129e+000
  5.9495585e-001  6.6229310e+000
  3.5276573e-001  8.0683149e+000
 -2.5948556e-001  1.6549013e+000
  7.8332927e-001  6.5403331e+000
  5.2559553e-001  2.4079994e+000
 -2.2359105e+000  2.4112786e-001
 -5.8396447e-001  3.1123992e+000
  2.1718486e+000  6.6257682e+001
  4.8428940e-001  5.8445713e+000
 -8.7386195e-001  1.1016668e+000
 -6.7454250e-001  1.1518186e+000
  7.3732850e-001  9.6283570e+000
 -3.1846392e-001  3.8890894e+000
  4.6244553e-001  5.8802466e+000
  4.4325137e-001  5.2835434e+000
  7.9928631e-002  4.0582972e+000
 -8.6292376e-001  9.0944765e-001
 -1.2337847e-001  1.9926269e+000
  1.1103440e+000  2.4324821e+001
  6.2829559e-001  1.1544703e+001
  1.7066686e-001  8.4470264e+000
  1.5827869e+000  2.7348865e+001
  1.9143776e+000  4.5488913e+001
  1.9607235e+000  5.6210680e+001
 -1.8298753e+000  6.5140857e-001
  1.2858502e+000  1.4934517e+001
  8.0298617e-001  1.6971255e+001
 -8.2293833e-001  2.1087197e+000
 -1.1847841e+000  6.4159823e-001
 -8.1992001e-001  1.6872513e+000
 -8.7690127e-002  2.6812205e+000
  3.7663087e-001  7.0587193e+000
  7.7160648e-001  3.7262937e+000
  1.7284591e+000  4.2946569e+001
 -9.7096140e-001  8.0633040e-001
  7.7013245e-001  7.4997805e+000
  1.5068646e+000  9.4660103e+000
  3.0965771e-001  9.3811112e+000
 -6.6533259e-001  8.2132046e-001
  4.3423314e-001  7.9030497e+000
  5.7670685e-001  3.8529922e+000
 -5.1948387e-001  1.5331460e+000
 -2.6928838e-001  1.8840265e+000
  1.4406678e+000  1.6591762e+001
 -5.5447177e-001  1.1905554e+000
 -5.2526343e-001  1.7218358e+000
 -9.0440075e-001  8.7204528e-001
 -8.8902881e-001  9.1995036e-001
  3.8845603e-001  3.5846184e+000
 -1.8551676e-001  2.6276752e+000
  1.6947360e-001  4.0582011e+000
  1.2661491e+000  1.2393920e+001
  1.9286647e+000  7.0191411e+001
  1.0752998e+000  1.9146748e+001
  6.0072634e-001  4.9351208e+000
  1.7258412e+000  2.1818408e+001
  6.6345482e-001  9.4195204e+000
  2.1576886e+000  3.6811018e+001
 -7.3581881e-002  1.4633645e+000
  5.0876809e-001  4.1592461e+000
  7.9098428e-001  1.2593194e+001
 -1.9595252e-001  3.0531028e+000
 -6.7473001e-001  1.1629379e+000
  1.0167531e+000  1.2122750e+001
  4.1810937e-001  1.1501183e+001
 -2.9724067e-001  2.8711914e+000
 -7.6107426e-001  1.6950280e+000
  2.5101156e-001  4.3372004e+000
 -1.6828153e+000  6.6450280e-001
 -1.7278186e-002  1.8138172e+000
 -1.5528772e+000  3.9036928e-001
 -2.0958462e+000  8.2093273e-001
  1.0472616e+000  2.3495094e+001
  3.1167682e-001  3.3331157e+000
 -1.2456904e+000  1.2704164e+000
  5.4548506e-001  5.1471305e+000
 -1.5559387e-001  2.3717340e+000
  6.2799778e-002  3.2939652e+000
  7.5412225e-001  1.1257538e+001
 -8.4418679e-001  1.4779998e+000
  1.2338158e-001  5.2206168e+000
  2.5831665e-001  3.2709973e+000
 -8.8590505e-001  1.5518558e+000
 -3.5259204e-001  1.2873733e+000
  1.0021629e+000  1.6215820e+001
 -1.5579223e-001  3.8741120e+000
 -2.1557552e-001  2.4086140e+000
  1.0513988e+000  1.2464668e+001
  1.4379659e-001  7.9981831e+000
 -8.4878622e-001  2.0091696e+000
  1.0102573e-001  7.1444034e+000
  1.3482706e+000  1.2980567e+001
 -3.1190719e-001  1.6305239e+000
 -3.7269596e-001  2.1484129e+000
 -4.2876324e-001  2.0106214e+000
  7.9526222e-001  9.7450775e+000
 -1.7831849e+000  2.8705822e-001
  1.2250570e+000  1.0021209e+001
  9.7308972e-001  1.6202600e+001
  1.0428284e-001  5.8272013e+000
 -2.2215412e-001  3.0115000e+000
 -2.5015399e-003  4.1997720e+000
 -8.8537520e-001  5.5934976e-001
  2.0972689e+000  3.6258343e+001
 -5.8414089e-001  1.8956188e+000
  1.3544164e-002  3.6783695e+000
 -8.5779968e-002  4.0636875e+000
 -8.6900328e-001  1.6281222e+000
  5.6923529e-002  3.2108639e+000
 -8.3435035e-001  1.6440000e+000
  3.7798440e-001  3.7677085e+000
  1.9634022e+000  6.6431874e+001
 -8.9067463e-001  9.9355609e-001
 -1.8503035e+000  6.2947315e-001
 -1.0430500e+000  4.7889049e-001
 -1.1362985e+000  9.6761752e-001
 -5.0585294e-001  1.9127083e+000
  9.4999992e-002  5.4640525e+000
  7.0584972e-001  5.7023713e+000
 -8.4914054e-001  1.2675080e+000
  8.1655428e-001  2.2827399e+001
 -1.3377022e+000  5.8917518e-001
  3.8941998e-001  4.2609129e+000
 -2.1338311e+000  1.7115881e-001
 -4.7462988e-001  2.1018397e+000
  6.5317573e-003  3.4284544e+000
 -1.1647762e+000  6.7505402e-001
 -1.0412192e+000  8.3687094e-001
 -1.9616262e+000  3.7102470e-001
 -5.4614673e-001  2.5200557e+000
 -1.6411761e+000  4.0355090e-001
 -6.2735796e-001  1.6329112e+000
 -6.3094574e-001  3.2468933e+000
  1.0064730e+000  7.0726601e+000
  2.1133884e+000  2.0555821e+001
 -3.4004124e-001  2.8994989e+000
  5.0761854e-001  3.4280773e+000
 -1.1909445e+000  1.0130254e+000
 -1.6841617e+000  3.2929088e-001
  4.4555080e-001  5.5773389e+000
 -2.7245105e+000  1.2092959e-001
  4.8259910e-001  7.1840357e+000
  1.8542451e-001  4.2457237e+000
  5.4691683e-001  1.0582497e+001
  1.2131931e-001  2.3523733e+000
 -1.5754325e+000  5.1841370e-001
  5.3610920e-001  6.5991709e+000
 -9.5616991e-001  1.1190529e+000
 -1.7048247e+000  2.6918312e-001
  1.9989096e-001  5.7090520e+000
 -5.4323232e-001  1.1910063e+000
 -6.8048605e-001  1.1173431e+000
 -1.1999123e+000  7.3652474e-001
 -8.7884379e-002  2.9827421e+000
 -1.8770095e+000  4.7580312e-001
 -7.7594199e-001  1.6728118e+000
 -8.7722850e-001  2.0058669e+000
 -1.9497943e-001  2.7696470e+000
  3.9229400e-001  6.0660263e+000
  6.6397843e-001  7.2540133e+000
 -5.9754260e-001  1.3619740e+000
 -3.7861073e-001  1.3514210e+000
  8.1254387e-001  1.0290192e+001
  8.0280161e-001  9.5552986e+000
 -4.9610262e-001  1.0305493e+000
 -1.2251791e+000  9.4781850e-001
 -1.1807541e+000  6.1054568e-001
  5.1519497e-001  5.1827124e+000
 -8.9436753e-002  2.5035507e+000
  7.8423933e-001  1.0755439e+001
  6.4245454e-001  6.9056094e+000
 -2.3588582e-001  1.7258779e+000
  9.1736214e-001  6.6398156e+000
 -3.6274429e-001  2.2961452e+000
  9.7643923e-002  2.5565989e+000
 -4.4151339e-001  1.4019035e+000
 -4.5333630e-001  1.4971740e+000
 -2.1696681e-001  1.7353022e+000
  7.7188410e-001  8.5094537e+000
  3.4092770e-001  7.6755201e+000
 -5.4178411e-001  1.1269381e+000
  1.5292369e+000  2.2552081e+001
  3.3198729e-001  2.9716297e+000
 -4.4288192e-001  1.4753496e+000
 -4.4227558e-001  5.7235663e+000
  2.0019444e+000  3.3788516e+001
  5.1162320e-001  2.5380368e+001
 -7.0999148e-001  2.0153557e+000
  1.9563405e+000  3.3562727e+001
  2.2030601e-001  7.2721240e+000
 -1.5244555e-001  1.7185204e+000
  2.4656002e-002  4.4708555e+000
  7.1808043e-001  6.4503649e+000
  1.0279103e+000  1.8091680e+001
  3.1122695e-001  4.1441436e+000
  1.2879712e+000  2.0425491e+001
  2.0499981e-001  3.5975856e+000
 -3.9480509e-001  1.5848447e+000
 -1.0959254e+000  5.1576427e-001
 -3.8279610e-001  9.9574734e+000
 -3.6611442e-001  2.4844576e+000
  3.6693450e-001  7.7671163e+000
  2.6472565e-001  3.6481155e+000
  8.7155324e-001  6.5744355e+000
 -1.8633670e-001  1.9847067e+000
  3.5870151e-001  5.3291218e+000
  1.6242797e-001  1.2567182e+001
  2.4069470e-001  3.8750658e+000
  7.1216381e-001  3.9462359e+000
  5.1160547e-001  4.7700969e+000
  1.7493777e+000  1.9315189e+001
 -3.4938209e-001  2.2997337e+000
 -3.1988436e-002  3.8900598e+000
 -2.1996237e+000  8.1121571e-001
 -6.7975903e-001  1.1717205e+000
  2.0409448e+000  4.7063546e+001
  8.2928080e-001  4.9342460e+000
  1.8483779e+000  2.0186843e+001
 -6.9572578e-001  1.7315913e+000
 -7.8188576e-001  1.0073798e+000
 -3.6208421e-001  2.5047481e+000
  2.6014498e+000  6.8687355e+001
  1.8284412e+000  3.5072691e+001
 -5.1078130e-001  1.6756725e+000
 -8.5879383e-001  8.1482249e-001
  8.4862076e-001  1.0061366e+001
 -3.3471616e-001  1.9883316e+000
 -5.8159676e-001  2.4884985e+000
 -2.0179414e-001  1.4522041e+000
  8.5135316e-002  5.5318404e+000
 -1.2229131e+000  6.9127018e-001
 -1.2378728e+000  1.3691912e+000
 -1.2625878e+000  8.3151110e-001
 -8.7174695e-001  9.3480787e-001
 -8.0854262e-001  1.0047922e+000
  1.9346314e-001  3.1358716e+000
 -1.1024895e+000  1.1134519e+000
 -1.6609650e-001  1.9022179e+000
 -1.8604245e-002  4.7290181e+000
 -5.8837581e-001  1.1208048e+000
 -1.4411495e-001  1.9643128e+000
 -8.0481605e-001  1.1409735e+000
 -8.6402162e-001  8.2552428e-001
  6.6080128e-001  5.4609445e+000
  1.0707253e-001  2.9915542e+000
 -8.9173341e-001  9.3510966e-001
 -7.5367075e-002  2.1764383e+000
 -7.1320960e-001  2.2293058e+000
 -8.5072405e-001  8.7514730e-001
  1.0512100e+000  7.8490570e+000
  1.2471552e+000  9.8836044e+000
 -6.0815472e-002  1.5305772e+000
 -1.3071103e+000  1.1251679e+000
  1.0544747e+000  6.2261087e+000
  8.4107123e-001  1.0860625e+001
 -2.6797467e+000  9.3411757e-002
  1.1240401e+000  2.7627624e+001
 -6.5661161e-001  1.1771784e+000
  6.4174515e-001  4.9267821e+000
  1.3704352e+000  1.9007973e+001
 -3.4071857e-001  1.4478138e+000
 -8.1457500e-002  3.3372712e+000
 -1.0772504e+000  6.4315847e-001
 -1.1337715e+000  8.0350711e-001
 -1.2016355e-001  3.0728809e+000
 -4.6452426e-001  1.5123766e+000
 -7.0253263e-002  3.2071996e+000
 -1.0161405e+000  5.7903967e-001
 -1.2153463e+000  7.3624429e-001
 -1.1972833e+000  7.4738900e-001
  7.9662422e-001  6.4529483e+000
  2.8092863e-001  5.2091372e+000
 -6.3224560e-001  1.8663488e+000
  1.2599209e+000  1.4225559e+001
  7.7171117e-001  1.4005438e+001
  1.8836990e-001  5.9430315e+000
  3.1936861e-001  4.1473314e+000
  9.6951317e-001  1.3919438e+001
  6.1016746e-001  4.7103522e+000
  2.0650469e-001  6.3442862e+000
 -4.1686413e-001  2.3631992e+000
 -4.6599784e-001  1.6991770e+000
 -1.9326065e+000  3.2994823e-001
 -4.0717804e-001  2.0118171e+000
  6.3762108e-001  7.0194165e+000
 -3.2126213e-001  1.1509834e+000
 -2.4955958e-001  1.7632365e+000
  1.2617032e-001  2.7689675e+000
 -7.8917413e-001  1.3042509e+000
  1.8288196e-001  5.3478226e+000
 -1.3239677e+000  6.3666903e-001
  3.1874875e-001  6.8350285e+000
 -2.0751121e-001  1.7111825e+000
 -3.7576006e-001  1.5833001e+000
  1.0090827e-001  1.4407737e+000
  4.6874868e-001  7.8706791e+000
 -6.0416355e-001  8.5582280e-001
 -1.2263932e-001  4.0991213e+000
  2.8681543e-001  2.2475017e+000
