   2.0490626e-01  -3.2205502e+00
   9.8945649e-02  -1.1258680e+00
   2.0636720e+00   1.2928829e+01
   9.0607812e-02   6.9178623e+00
   4.5829762e-01  -6.0477376e-01
   2.3274886e+00   1.0360501e+01
   1.2783436e+00   3.4827574e+00
   6.0352310e-01   8.1949464e+00
   4.3422419e-02  -7.8077760e-01
   3.5742692e-02   1.0832976e+01
   1.8476121e+00  -1.9517961e-01
   2.9848279e-02   4.4988383e+00
   4.3777453e-02  -4.4987333e+00
   7.2283215e-01   6.7781410e-01
   2.2279303e-01  -2.0245291e+00
   1.9527290e+00   1.5708449e+01
   8.6331581e-01   3.8068202e+00
   8.8027684e-02   4.7640944e+00
   2.3293214e-01  -3.8389823e+00
   4.1350857e-02  -1.7377008e+00
   4.2198984e-01   5.4426070e+00
   3.3322775e+00   1.5359497e+01
   1.6354380e-01   6.5587817e+00
   6.8286070e-02   8.8897481e+00
   3.8752428e-01  -9.5552285e-01
   2.7741479e-01  -1.4062581e+00
   2.9688096e-01   5.7605601e+00
   9.3591448e-01   4.1861092e+00
   4.2239071e-01   3.7699545e+00
   1.7650006e+00   2.8229851e+00
   3.4807476e-01  -1.1726277e+00
   3.4472566e+00   1.9048463e+01
   1.2840158e+00   1.3501610e+01
   3.0753949e+00   1.2229008e+01
   2.3316867e+00   1.5166732e+01
   1.9424294e-01   1.0154542e+01
   3.6409005e-01   8.9589956e+00
   1.1485397e+00   1.2909581e+01
   5.1059586e-02   4.8714786e+00
   3.3683601e+00   8.0928794e+00
   8.2383836e-01   4.1029329e-01
   9.6349121e-01   4.0838953e+00
   2.6720413e-01  -3.8309324e+00
   2.2916175e-01   7.4318583e-01
   1.6773282e+00   1.3313308e+01
   7.1383083e-01   3.8438020e-01
   8.0836456e-01   5.5091302e+00
   4.3647136e-01   5.1380577e+00
   3.4338531e-01   1.2788172e+01
   2.8145261e-01   2.1942123e+00
   1.2872636e+00   8.9369476e+00
   3.8609982e-01  -2.5179115e+00
   4.2297043e-01  -6.7917353e-01
   1.8163899e+00   9.0722747e+00
   2.1286513e+00   1.1318414e+01
   6.9642444e-01   1.8887603e+00
   4.1088740e-02   4.4359411e+00
   1.0776758e+00   1.7783816e+00
   5.3568584e-01   6.7926710e+00
   1.4969491e+00   2.8295815e+00
   2.8599409e-01   4.7176750e+00
   1.3661188e+00   7.7018421e+00
   6.8130349e-01   1.1381996e+01
   3.5799478e-01  -1.9592159e+00
   1.1551944e-01   4.2471749e+00
   4.1560366e-02  -5.5690424e+00
   6.0291253e-01   4.6896437e+00
   1.9759869e+00   1.1979075e+01
   1.9018377e+00   2.4283465e+00
   1.3567035e+00   4.8861587e+00
   1.7349988e-01   9.4149589e+00
   1.3693107e+00   1.4228212e+01
   2.0544507e-01   3.3347974e+00
   1.4125358e+00   1.3508373e+01
   7.3362810e-02   2.3193236e+00
   1.0498685e+00   7.0136707e-01
   1.6266082e+00   6.2468387e+00
   1.3819683e+00  -2.7259679e+00
   4.8443579e-01  -3.0905652e-01
   7.4804940e-01   1.2546011e+00
   1.0450919e+00   1.1951087e+01
   1.8533173e-01   4.4040598e+00
   5.3569210e-01   1.4142148e+01
   5.9833966e-01   6.2718852e+00
   8.6436636e-02   4.9006810e+00
   1.2523265e+00   4.4925967e+00
   2.7812756e-01  -1.0101116e+00
   2.8272227e-01   4.3028781e+00
   9.6641143e-01   2.9830954e+00
   5.6594792e-01  -3.8050552e+00
   2.5789410e+00   1.3467275e+01
   2.9196954e+00   1.2090956e+01
   6.3337459e-01   5.4277100e+00
   2.4952958e-01   7.9666653e-01
   6.8267402e-02   6.5311500e+00
   2.0409426e+00   5.3308184e+00
   5.6418480e-01   5.7566342e+00
   7.5631993e-01   7.7197470e+00
   4.4310430e+00   2.6871810e+01
   1.0873085e+00   5.6502442e-01
   1.8190342e+00   8.6425696e+00
   2.3031352e-01   8.7521134e+00
   1.1672712e+00  -5.5125589e+00
   6.3764978e-01   4.6965558e+00
   1.7978858e+00   8.0767005e+00
   5.0752783e-01   5.6163695e+00
   1.3357104e+00   3.9567714e+00
   4.2452699e-01   5.4003269e+00
   3.7220273e-01   8.4319091e-01
   2.9014966e-01   4.7448644e+00
   7.9730487e-01   1.0210141e+01
   2.4790672e+00   9.9081606e+00
   1.4741339e+00   8.7328234e-01
   9.0649958e-02   2.6222466e+00
   1.8813909e+00   9.8557671e+00
   1.9138211e-01   1.9501354e+00
   6.1926042e-01   1.2395164e+01
   3.8727729e-03   7.9996812e-01
   2.5487986e+00   8.6042696e+00
   8.1491203e-01   1.2657297e+01
   2.2381769e+00   1.0679387e+01
   3.8846779e-02   5.7353866e+00
   5.3742865e+00   5.0737129e+01
   2.5500779e-01   1.3204693e-01
   2.0174511e-01   2.3899039e+00
   1.4076353e-01   7.5662098e+00
   2.4717633e+00   6.3409339e+00
   9.1683426e-01   5.9390138e+00
   1.3475722e+00   6.7884178e-02
   2.2305795e-01   5.9005434e+00
   8.4068749e-01   1.5745750e+01
   9.3599290e-02   2.3310479e+00
   1.7045894e+00   5.0237318e+00
   1.3325530e+00   1.4146350e+01
   1.9273113e+00   3.1737607e+00
   1.9945964e+00   6.2498825e+00
   1.4007595e-01   3.0536949e+00
   5.4523664e-01   6.9751718e+00
   5.9809121e-01  -1.3995007e+00
   1.9313333e+00   3.0407322e+00
   1.5895925e-01   4.7703731e+00
   4.7472655e-01   2.8579981e+00
   1.0471047e+00  -3.3159925e+00
   6.6699312e-01  -4.4304753e+00
   9.1178083e-01  -3.9278928e+00
   2.5774603e+00   1.0983578e+01
   1.4274658e+00   8.3904597e+00
   2.0929813e+00   1.1878263e+01
   1.6933208e+00   1.6856008e+00
   1.4273142e+00  -3.9298669e+00
   8.7402881e-01   7.6053924e+00
   3.0026677e+00   1.3041986e+01
   1.0234716e-01   3.0687832e+00
   5.6795573e-02   1.0559392e+00
   7.1158799e-01   2.7241208e+00
   7.1487628e-01   1.3797761e+01
   1.0855399e+00   4.3930515e+00
   1.0530069e-01   5.7161252e+00
   9.9629007e-01  -5.9194914e+00
   2.1964001e+00   1.5595834e+00
   2.4813825e-01  -5.1223556e-01
   9.4227841e-01   5.5394178e+00
   1.4200940e+00   7.9105521e+00
   9.0655789e-01   1.7269318e+01
   2.3386836e+00   8.7295043e-01
   2.0251557e+00  -3.8266887e-01
   5.9696300e-02   1.6849891e+00
   4.4856643e-02  -1.2790779e+00
   5.5302253e-01  -1.2373601e+00
   2.8170918e+00   1.7034481e+01
   1.4491067e+00   4.0580366e+00
   1.0408381e+00   7.3908061e+00
   1.9699585e-01   4.3277627e+00
   4.1731646e+00   1.6168717e+01
   3.1460018e+00   1.8292589e+01
   1.7779156e+00   6.0162500e+00
   4.3214465e-01   4.1280120e-01
   3.1235409e-01   2.7411665e+00
   4.3425669e-01   5.6942354e+00
   7.9645712e-01   9.9923460e+00
   6.0329022e-01   4.5666924e+00
   1.2163126e+00  -3.1122713e+00
   2.9478349e-01   7.6480570e+00
   1.6662463e+00   4.1690879e+00
   3.7574792e-01   1.2846069e+01
   1.6954798e+00   1.0053264e+01
   9.9835637e-01   8.2128346e+00
   4.6901442e-01   2.0877232e+00
   2.4816982e-01  -8.1991464e-01
   2.5117546e+00   6.8832512e+00
   7.3231157e-02  -3.3711877e+00
   2.5397309e-01  -7.1218191e-01
   7.1991911e-01   1.0209450e+01
   8.3043743e-01   1.5528097e+00
   8.0568058e-01   4.1903454e+00
   1.1830288e+00   1.3207094e+01
   6.7627304e-01   1.7134458e+00
   6.7183283e-01   3.1904299e+00
   2.0134817e-01   6.7744351e+00
   2.2962524e-01   4.3620429e+00
   4.3956268e-01   6.0504217e+00
   9.7125026e-01   2.9837763e+00
   2.0877175e-01   2.4456171e+00
   6.2956113e-01   1.2209379e+01
   1.0477468e+00   1.5173124e+01
   6.2938136e-02   2.9241132e+00
   1.3245447e-01  -6.6490654e-01
   5.9755278e-01   3.5904850e+00
   4.7405167e-01   9.1530077e-01
   5.3265430e-01   3.2272710e-01
   1.5714569e+00  -3.2898834e+00
   1.1998270e+00  -2.2845804e+00
   7.5305994e-01   4.2247807e+00
   1.4675558e+00   3.0133451e+00
   1.6923698e-01   9.8763203e+00
   1.6359652e+00  -2.4582576e+00
   1.4875664e+00   1.6681883e+00
   1.7678005e+00   9.7747597e+00
   1.4798831e+00   8.6324596e+00
   8.3080437e-01   2.3438802e+00
   1.1676335e+00   3.6144942e-01
   7.9714816e-02  -8.7342431e+00
   8.4348788e-01   2.1947293e+00
   1.6883928e+00   9.3260277e+00
   9.9951870e-02   2.5489036e+00
   2.0459497e-02  -3.8151294e+00
   8.2355210e-01   9.3072702e+00
   2.1971516e+00   1.2684498e+01
   1.3545450e+00   4.9536752e+00
   8.9472533e-01   5.1035656e+00
   5.1936855e-01   4.2578115e+00
   1.3386029e+00   6.7505227e+00
   5.0609833e-01   7.7230517e+00
   3.4077941e-01   1.7556914e+00
   1.5062194e+00   1.4315737e+01
   2.1420180e+00   3.0312596e+00
   1.2151151e+00   3.8980680e+00
   1.1432594e+00   1.3090815e+00
   8.5762860e-01   1.2775955e+00
   6.7755284e-01  -4.0499904e+00
   2.4590542e+00   1.6087521e+01
   1.3375719e+00   6.2370073e+00
   2.2187608e-01   2.7173833e+00
   3.5328924e+00   1.8031156e+01
   7.3803561e-02  -4.4100446e-01
   3.1425761e-01   1.6606709e+00
   7.1619275e-01   8.7786790e+00
   5.4727341e-01   3.6113731e+00
   1.4384993e+00   8.7137873e+00
   7.7903447e-01   7.7056310e+00
   3.7609930e-02   8.1977495e+00
   6.0366172e-01   1.3821362e+00
   6.5174456e-01   4.2941493e-01
   1.4627678e+00   8.1310944e+00
   7.1560192e-01  -4.2360728e-01
   4.7150862e-01   9.6755621e+00
   3.8693455e-01  -1.7263412e+00
   9.2756602e-01   1.0228309e+01
   1.0012044e+00   1.3081389e+01
   1.2090797e-02  -3.4242905e+00
   3.2770648e+00   2.1353396e+01
   1.2197781e-01   5.7835864e+00
   9.0705288e-02   3.7174784e+00
   2.2792512e-01   2.1723054e+00
   2.3155459e+00   8.6200028e+00
   1.3399026e+00   1.0277022e+01
   1.0925601e+00   1.9469454e+00
   3.8606263e-01   5.8978252e-01
   1.9910415e+00   2.3569967e+01
   3.2680066e-01   1.1490003e+01
   2.2371545e+00   1.4617766e+01
   4.2501902e-01   8.5003752e+00
   7.0486773e-01   4.1407082e+00
   2.4967784e-01  -5.2988533e+00
   3.3542088e-01   2.5926419e+00
   1.0123508e-01   6.9629528e+00
   1.1549783e-01   6.5361301e+00
   1.0961262e+00   1.3211871e+01
   3.5846822e-01   9.6997189e+00
   1.6204492e+00   9.0143741e+00
   3.4886870e+00   1.4407796e+01
   2.9561444e-01   2.0645116e+00
   6.9310231e-01   6.7956338e+00
   7.3413139e-01   1.9754383e+00
   1.0012730e-01   9.3022969e-01
   4.9451495e-01   1.1113387e+01
   4.8180679e-01   3.1482897e+00
   1.5147158e-01  -4.6701579e+00
   2.1630521e-01  -7.6211038e+00
   5.5039577e-01   5.1763401e+00
   1.6986929e+00   4.6190538e+00
   1.4273997e+00   4.1374905e+00
   1.2046069e-01   2.4881452e+00
   3.5517592e+00   1.7902583e+01
   7.1355116e-01  -8.0937582e-01
   1.7842251e+00   7.1941038e+00
   2.1549890e-02  -7.9458212e+00
   3.3870246e-01  -1.1157620e+00
   6.9220438e-01   2.2698180e+00
   7.5270957e-01   5.7578329e+00
   2.8197832e+00   1.3675603e+01
   3.8276682e-01   9.9665502e+00
   3.1598728e+00   2.2975555e+01
   2.6388209e+00   1.3448446e+01
   6.5075872e-01   2.0793596e-02
   2.3358314e+00   1.2312150e+01
   2.0071135e-01   9.5801499e+00
   2.0144677e-01   8.9591671e+00
   3.2512147e-01   4.0419529e+00
   1.8980174e+00   4.7142318e-01
   4.1611372e-01  -2.7497239e+00
   6.5663216e-01   2.3353589e+00
   2.7397348e-02   5.6444812e+00
   4.3233567e-01   7.7689506e-01
   2.2273042e-01  -4.4907382e+00
   7.9010376e-01   1.1058333e+01
   8.3842384e-01   2.2994804e+00
   1.9199161e-01   8.3041308e+00
   2.4832702e+00   1.2569327e+01
   2.0161212e+00   1.6945572e+00
   1.7522199e+00   7.4803339e+00
   9.3920680e-01   8.1674114e+00
   1.8466862e-01  -1.3846347e-01
   2.1894688e-01  -1.2451231e-01
   2.8055884e+00   1.3801271e+01
   9.1814803e-01  -4.4141253e-01
   6.4079037e-01   7.2456057e-01
   8.7515007e-01   1.1275882e+01
   4.2028454e-01   1.9824144e+00
   4.6525754e-01   6.0590277e+00
   1.2310560e+00   3.1078377e+00
   8.4013749e-01  -3.1521128e+00
   4.1677462e+00   2.1714380e+01
   1.6064623e-02   2.1652029e-01
   1.7887535e+00   8.3428360e+00
   2.2422773e+00   6.6898034e+00
   9.8776058e-01   9.9679452e+00
   1.6188904e+00  -3.5390516e+00
   7.1398756e-01   6.2320312e+00
   1.0803007e+00   2.4876845e+00
   4.9578487e-02   7.8982837e+00
   8.3020761e-02   3.4683735e+00
   2.9435764e+00   2.1230331e+01
   3.0400376e-01   1.4499079e+00
   1.3126000e+00   4.1953840e+00
   8.6077179e-01   6.9898189e+00
   6.0171560e-01   9.3204747e+00
   5.8967949e-02  -2.9499052e+00
   8.7288622e-01  -8.6086466e+00
   1.7092786e-02   2.0736804e+00
   1.1991347e+00   6.7085394e+00
   3.5510652e-01   1.1198809e+01
   4.0595695e-01   2.3716525e+00
   6.1780511e-01   4.5448600e+00
   3.5938501e-01   6.9429146e+00
   4.0567326e-01   5.8223644e-01
   1.7252279e+00   2.0380555e+00
   2.0556125e+00   7.2351792e+00
   9.2002833e-04  -5.8818406e+00
   1.7653840e+00   9.7799222e+00
   3.4234178e+00   1.1433489e+01
   5.7767830e-01  -3.7734122e+00
   1.2571459e-01   3.4873265e+00
   4.0170921e-01   6.0593325e+00
   1.6584534e+00   5.7019808e+00
   9.9718482e-01   7.5937163e+00
   7.7495191e-01   8.1906685e+00
   1.8532724e-02   6.4372626e+00
   1.8553068e+00   6.5461037e+00
   1.5604253e-01   4.5701740e+00
   4.3887009e-01   9.7476771e-01
   9.7744243e-01   1.2439158e+01
   1.6558814e+00   3.2659402e+00
   8.4804115e-01  -1.1785178e+00
   7.2976540e-01   1.1901495e+00
   2.1151797e+00   5.1669596e+00
   5.2846786e-01  -2.4854488e+00
   1.4863902e+00  -7.6794364e-02
   9.5550172e-01   1.3484018e+01
   5.3959145e-01   4.2647565e+00
   1.3790958e+00   1.3596095e+00
   1.2363560e+00   1.0902171e+01
   4.8273897e-01  -9.7325732e-01
   1.3269660e+00   1.3495816e+01
   1.9312822e-01   1.8459953e+00
   1.7488639e-02  -8.1692083e-01
   3.1436999e-01   1.0112139e+01
   1.0674712e+00   2.3273484e+00
   5.3773558e-01   3.9701681e+00
   2.2277651e+00   1.2774290e+01
   9.8375909e-02   4.6031576e+00
   1.2822694e-01   3.3926341e-03
   2.0118570e-01  -7.2139852e+00
   1.3442776e+00   1.9647408e+00
   5.2027639e-01   7.3038145e+00
   3.7936804e+00   2.5376489e+01
   8.5505613e-01   5.8285550e+00
   1.1624506e+00   1.0000251e+01
   1.8233446e+00   9.0795129e+00
   1.7216765e+00   1.4356692e+01
   8.6065337e-01   1.2108940e+01
   2.3620237e+00   6.8564317e+00
   5.1328921e-01   3.9785623e+00
   7.5305801e-01   7.3780331e+00
   3.6247845e-01   1.0012731e+01
   3.5683517e-01   4.3242332e+00
   4.4858543e-01   1.1801492e+00
   3.3931150e+00   1.6215888e+01
   2.6764629e+00   4.7720086e+00
   1.1406859e+00   2.6456151e+00
   6.3324888e-01  -1.8020749e-01
   4.2396665e-01   4.6199091e+00
   8.9742188e-01   3.4782164e+00
   1.9847384e-01   9.0413028e+00
   3.3078591e-01   4.5217309e+00
   3.1852621e-02  -2.6195115e+00
   6.3236463e-01   6.3119446e+00
   1.1234819e+00   2.8510769e-01
   2.2478204e+00   1.0267168e+01
   4.9272598e-01   1.6064387e+01
   2.4999813e-01   1.2112305e+00
   8.5931294e-01   5.6185168e+00
   2.3988396e+00   1.5683635e+01
   1.3224880e+00   7.3614254e-01
   1.8730343e+00   1.3924858e+01
   1.2693817e+00   3.6551782e+00
   8.2078707e-01   8.6857082e+00
   6.4028391e-01   1.4629838e+00
   7.8214373e-01   1.3089244e+01
   1.3310680e-01   9.1724381e+00
   6.5767945e-01   7.3743199e-01
   5.8028955e-02   1.2234368e+01
   4.4987306e-01   2.3595325e+00
   4.3227030e-02   7.0985869e+00
   1.4241747e+00   7.0041105e+00
   3.9138130e-01   3.6240894e+00
   1.2411052e+00   1.5734841e+01
   3.9778245e-01  -4.0329388e+00
   3.6364130e-01  -3.9890322e+00
   2.6883539e+00   1.5564491e+01
   1.3673150e+00  -4.8744876e+00
   1.4959305e+00   1.0446368e+01
   4.0371755e-01   1.0206108e+01
   1.6913825e-01  -4.1672675e+00
   1.0657703e+00   4.9488928e+00
   2.4779536e-01   4.0188562e-01
   3.9255076e-01   8.3139823e+00
   5.0033646e+00   3.3442677e+01
   5.0721467e-01   7.8849411e+00
   9.4992199e-01   1.0023312e+00
   8.7748473e-02   8.5215454e+00
   6.7670745e+00   9.0288609e+01
   7.7121865e-01  -1.5179107e+00
   8.5719896e-01  -1.1501627e+00
   7.7453867e-01   4.7021032e+00
   2.6115735e-01  -6.4717839e+00
   1.1317396e+00   9.8616726e+00
   2.4240372e-01   1.0768852e+01
   7.5213918e-01   7.6763840e+00
   3.3308489e+00   1.0126380e+01
   1.7379851e+00   8.3559498e+00
   3.2606533e-01   1.4719758e+01
   7.4763295e-01   1.0648214e+01
   1.8791412e+00   1.0405636e+01
   1.0755075e+00   9.5070389e+00
   4.9858548e-01   1.0566425e+01
   1.6515876e+00   7.8114557e+00
   3.0323325e-01   2.9585616e+00
   1.4153130e+00   4.7388078e+00
   8.6185163e-02   3.9397624e+00
   1.3128150e+00   4.6221722e+00
   2.6722604e-01  -3.9172775e-01
   1.6677983e+00   2.2585426e+00
   1.2465388e+00   8.6343822e+00
   2.3956497e+00   7.1131544e+00
   5.5128418e-01  -7.5376554e-01
   3.8072873e-01  -3.2276135e+00
   6.0405060e-01  -2.8100381e+00
   8.5395266e-01   8.0308923e+00
   4.3936924e-01   1.9167785e+00
   4.3445483e-01   6.8231353e+00
   3.8710948e-01   9.7176922e+00
   4.5289213e-01   2.4282554e+00
   5.6386122e-02   6.7130448e+00
   1.5657325e+00   2.1042960e+01
   3.4350251e-01   1.8853108e+00
   1.4429469e+00   8.4104359e+00
   2.1253075e+00   7.1547557e+00
   4.9872589e-01   9.4343626e+00
   7.9820175e-01   2.4703354e+00
   7.7930330e-01   2.3436337e+00
   4.1257318e-01   7.0022127e+00
   2.6099403e-01   3.3094198e+00
   1.0491994e+00   1.6461613e+00
   4.1247522e-01  -7.1469500e+00
   8.7668887e-01  -2.3889318e+00
   1.7205941e-01   5.6622946e-01
   1.8282150e-01   7.2287241e+00
   1.3608567e+00   9.4188031e+00
   4.8863902e-01   6.5611920e+00
   5.4085681e-01   9.0706967e+00
   6.1481793e-01   3.0828373e+00
   1.3932985e-01   5.1243029e+00
   1.3288597e+00   5.5208752e+00
   1.1454710e+00   7.5654859e+00
   2.1268305e+00   7.7612389e+00
   6.2056835e-02   8.2584170e+00
   4.3764971e-01  -4.0745953e+00
   7.3508808e-01   1.6142172e+01
   4.4735492e-01   2.4007259e+00
   6.0749052e-01  -2.0957552e+00
   4.3492768e-01  -1.9963844e+00
   6.0901573e-01   3.8615301e+00
   3.2705148e-01   1.0041967e+01
   6.4913928e-01  -5.6622324e-01
   6.3152753e-03   5.1046043e+00
   1.5201612e+00   2.2864837e+00
   2.2462211e+00   1.3996568e+01
   2.2100290e+00   6.2994506e+00
   2.7552775e+00   7.9090059e+00
   9.0490580e-01   1.5598525e+01
   8.0213000e-01   5.8776244e+00
   1.0056243e+00   1.1501125e+01
   2.6983608e-01   8.2207829e+00
   4.6538013e-01   4.8373153e+00
   2.5879614e-01   1.0181434e+01
   6.9507035e-02   2.5356833e+00
   2.7637569e-02   5.7720219e+00
   1.6501123e+00  -9.2285721e-01
   1.9741868e+00   1.9404566e+00
   3.6202302e-01   7.4214177e+00
   2.3663769e+00   8.0237935e+00
   6.4358702e-01   2.0879432e+00
   6.3422901e-01   6.0406873e+00
   1.4949841e-01  -9.9124141e+00
   7.2390884e-01   2.5068855e+00
   9.3278512e-01  -6.1666319e-01
   3.9834382e-01   6.0228216e+00
   2.9940661e-01   3.6372082e+00
   6.5382557e-01  -3.4999683e+00
   1.0563788e+00   4.5908383e+00
   1.8971383e+00   6.6171214e+00
   5.3427839e-01   6.5403566e+00
   1.3388563e+00   2.7308607e+00
   3.1132983e+00   7.4812516e+00
   2.8112592e-01   3.0748854e+00
   1.4155775e+00   8.5949816e+00
   8.1553560e-01   6.3148542e+00
   3.7426287e-01   6.9203346e+00
   1.0237974e+00   3.2162852e-01
   3.0606321e-01  -7.6351250e-01
   9.2961036e-01   1.4294568e+00
   3.8065172e-01   6.7152067e+00
   3.5090955e-01   4.9935673e+00
   8.1575466e-01   6.2657466e+00
   3.9333680e+00   2.6528334e+01
   1.1060664e+00   8.6038358e+00
   8.5729214e-01   3.7347226e+00
   1.3083323e+00   6.5786408e+00
   1.6242785e+00   1.7898574e+01
   1.9635413e-01   1.0517857e+01
   8.4415286e-01   2.3326975e+00
   1.1904150e-01  -6.1391543e+00
   9.3857981e-01   2.8344708e+00
   2.6251557e-01   4.0919368e+00
   9.2434428e-01  -5.2256190e+00
   2.1255717e-01   9.8508016e+00
   2.8093542e-01   1.0549082e+01
   9.7446145e-01   4.8251481e+00
   1.5323893e+00   4.4938310e+00
   2.3520700e-01   7.1314220e+00
   5.2026287e-02   6.7344470e+00
   1.1160674e+00   4.6012512e+00
   3.9859222e-01   8.7996963e-01
   8.2406489e-01   5.8175796e+00
   1.8212086e-01   1.2593459e+01
   2.6285386e-01  -3.8537675e+00
   1.7882444e+00   1.5925736e+01
   1.4852266e-01  -5.9498869e+00
   1.0179482e-02  -1.1693612e+00
   6.6470851e-01   7.0551092e+00
   1.2298037e-01   8.7378054e+00
   5.3098402e-01  -4.0521543e-01
   1.8659292e+00   6.7070991e+00
   1.6101240e+00   2.6295979e+00
   8.9905306e-01  -3.0033753e+00
   2.8940927e-01   9.1718945e+00
   1.9166449e-01   8.9489697e-01
   2.3576913e-01   3.5282398e+00
   1.1440567e+00   1.5880693e+01
   6.2723936e-01   5.8139736e+00
   2.4084938e+00   9.8717242e+00
   2.1918871e+00   1.2577404e+01
   1.9929516e+00   9.3277562e+00
   3.8764635e-01  -2.3904055e+00
   7.0283997e-01   7.9346325e+00
   1.6622565e+00   6.9297300e+00
   7.0318575e-01   3.8190198e+00
   1.9131937e+00   1.1618054e+01
   2.9008923e+00   1.3772633e+01
   1.6168084e-01   5.1280795e-01
   5.7881984e-01  -2.0300960e+00
   7.2991355e-02   6.3674465e+00
   3.6144746e-01   7.5314909e+00
   5.3992671e-01   4.9459359e+00
   2.0407991e-01   3.7809538e+00
   1.2895456e-01   2.7510942e+00
   1.1150318e-02   2.4252403e+00
   7.5571242e+00   1.3020899e+02
   1.4451886e-01   1.0392761e+01
   4.9009782e-01   9.6361037e+00
   1.0100634e-02   1.1509171e+00
   6.3926511e-01   7.8284802e+00
   7.3496262e-01   1.4333813e+00
   2.2146046e-01  -2.3277533e-01
   1.4790988e+00   5.6736740e+00
   6.9696588e-01   5.2871183e+00
   1.0441375e-01   3.3344741e-01
   5.5397460e-01  -3.2386483e+00
   1.6820780e-01   7.2649487e+00
   3.0294423e-01   1.2600064e+00
   5.3445761e-01   4.0338056e+00
   1.3994423e+00   8.9632182e+00
   4.0584085e-01   4.0918492e+00
   2.4831145e+00   1.0496291e+01
   4.6846915e-01   5.5792850e+00
   4.1408532e-01   6.4336875e+00
   3.1505073e-01   6.2937256e-01
   1.1568910e-01   4.9387083e+00
   1.7855237e-02   6.0605472e+00
   2.6262649e-01   5.1847278e+00
   5.4223634e-01  -3.6791876e+00
   7.4386251e-02   8.8507495e+00
   5.4457138e-01  -1.2626310e+00
   4.0755461e+00   3.2746789e+01
   2.1131260e+00   5.3223239e+00
   1.4767585e-01   2.1321030e+00
   7.2505793e-01   9.7575714e+00
   1.6858947e-01  -3.5268654e+00
   1.5634847e+00   8.8747043e+00
   5.9367958e-01   7.7151839e+00
   4.6222058e-01   6.4696951e+00
   3.4423002e+00   1.3137261e+01
   4.8659910e-01   6.1021526e+00
   1.0149751e+00   8.5611878e-02
   3.0051247e+00   1.4973586e+01
   7.1422785e-01   1.5287067e+00
   1.6476051e+00   7.7838815e+00
   2.0948903e+00   4.4721818e+00
   1.5823376e+00   8.6835669e+00
   1.9206281e+00   5.3777787e+00
   1.6656265e+00   2.6399416e+00
   3.1546715e+00   3.4937403e+00
   4.5381865e-01   6.1169058e+00
   1.2663205e+00   1.4342987e+01
   6.1878827e-01   1.3109694e+00
   3.6360887e-01   1.0792465e+01
   6.9491672e-01   3.3229190e+00
   6.2399235e-01   3.7285881e-02
   8.0926947e-01   4.9094529e+00
   2.0880200e+00   6.4804292e+00
   7.1262098e-01   7.7562087e+00
   1.5899789e-01  -1.0481648e+00
   1.3475797e-01   3.8561115e+00
   1.3082438e+00   7.2092137e+00
   1.5680016e+00   7.2068773e+00
   5.7096571e-01   5.4238962e+00
   4.4579999e-01   1.6311930e+00
   8.7459963e-01  -2.7492341e+00
   1.5799980e+00   8.3005628e+00
   5.3471326e-02  -1.6468450e+00
   2.5001680e+00   1.6040031e+01
   2.2470612e+00   7.6870511e+00
   1.9516387e+00   1.2273696e+01
   1.7929976e+00   1.5974335e+01
   4.7649080e-01   2.1102911e+00
   5.5563165e-01   9.5181804e-01
   2.9550148e+00   1.8704586e+01
   7.1279715e-02   4.6933411e+00
   3.1654574e-01   3.7008716e+00
   3.0402604e-01   4.2036340e+00
   2.7582204e+00   8.2190203e+00
   1.5031074e-01   8.4833805e+00
   6.7845189e-02   8.0406050e-01
   1.5724675e-02   8.5742282e+00
   1.5205759e-01   8.0623123e-01
   2.4135973e-01   1.0664406e+01
   6.6674400e-01   5.6726496e+00
   1.7282076e+00  -8.3948841e+00
   9.1982322e-01   3.8388314e+00
   2.0104287e+00   1.4497315e+01
   3.4773374e+00   1.5474956e+01
   6.2788899e-02  -1.5751993e-01
   1.1996287e+00   7.7095254e+00
   1.2189719e+00   1.2838457e+01
   1.0998042e+00   8.9088844e+00
   7.6128002e-01   4.9560845e+00
   4.3355845e-01   6.3022925e+00
   3.6797936e+00   2.1479320e+01
   1.7172991e-01   2.3682444e+00
   5.8154759e-01   6.0003952e+00
   1.5770706e-01   3.1814811e+00
   1.0559000e+00   8.5937074e+00
   8.0737658e-01   7.5974786e+00
   2.9143461e+00   5.7437017e+00
   1.7309982e+00   4.3939221e+00
   4.1126983e-01  -2.4676040e+00
   1.1061537e+00   5.6961221e+00
   1.0704400e-01  -8.2236788e+00
   2.1357563e+00   8.1373818e+00
   1.1649666e-02   8.3082985e+00
   6.1621929e-01   6.2640253e+00
   3.4684142e-01   1.0625717e+01
   5.0850917e-04   2.9277020e+00
   1.2453180e+00   2.9026755e+00
   8.8062793e-01  -4.5142205e+00
   7.6606214e-01   1.7577838e+01
   2.6924367e-01   4.8861815e+00
   2.0064354e-01   8.6445730e+00
   2.3003721e+00   1.2152478e+01
   1.7253149e+00   5.1716274e+00
   1.0226659e+00   3.4043412e+00
   2.8698984e+00  -2.4320629e-02
   6.5030673e-01  -8.7869047e-01
   1.0910937e+00   3.0558698e+00
   1.7391536e+00   3.8516671e+00
   1.5656762e+00   1.0200854e+01
   9.9650671e-02   5.4363334e+00
   3.9246323e-01   1.1195726e+00
   7.5828706e-01  -1.5401298e+00
   9.1970043e-02   7.0501136e+00
   2.2632531e+00   8.9001739e+00
   2.9363834e-01   5.1452456e+00
   3.0616184e-01   5.2264574e+00
   5.7650003e-01   3.4048133e+00
   1.6917652e+00   1.0571124e+01
   5.1548421e-01   5.0217353e+00
   1.2041829e+00   5.7110831e+00
   2.0089985e+00   2.8678862e+00
   1.5483356e+00   6.7056594e+00
   1.1099673e-01   7.7555221e+00
   2.6387180e+00   9.1792783e+00
   1.4168090e+00   8.0976288e+00
   2.9233299e+00   1.6114291e+01
   8.1707442e-01   2.1166771e+01
   4.3212552e+00   2.2437454e+01
   1.0848612e-01   2.1473900e+00
   1.6262881e+00   4.6153984e+00
   2.3711797e+00   2.1530016e+00
   1.1797131e+00   6.3296783e+00
   7.8513602e-01   6.0694249e+00
   2.2860290e+00   7.5963426e+00
   4.6209324e-03   2.7821742e+00
   1.1023407e+00   4.6939472e+00
   1.2128561e+00   3.9905702e+00
   2.7798918e+00   7.7759241e+00
   1.2098434e+00   1.8968469e+00
   3.0715067e+00   9.3493092e+00
   6.8234940e-01   7.7143565e+00
   2.7256244e-01   3.3086246e+00
   4.6033849e-01   5.4166908e+00
   2.4091502e+00   6.5007380e+00
   2.5150060e+00  -2.8180389e-01
   2.5200541e-01   3.6517220e+00
   9.9671458e-02   6.2838761e+00
   6.2778659e-01   9.8241072e+00
   2.2149936e+00  -2.7968143e-02
   1.9139194e-01   4.7856985e+00
   1.0844203e+00   5.9519807e+00
   1.2242672e+00   5.7638354e+00
   2.9260962e-01   2.9196187e+00
   4.5720625e+00   3.9230741e+01
   3.0272779e+00   7.8398249e+00
   4.0359268e-01   4.6777494e+00
   5.0506229e-01   6.0707768e+00
   6.4225928e-01  -5.7475408e+00
   3.1510884e-01   5.7059662e+00
   3.4636614e-01   1.0857389e+01
   2.4669746e-01   1.9596659e+00
   1.2448747e+00   4.1340332e+00
   3.6740085e-01  -3.6760862e+00
   5.8578297e-01   5.5361548e+00
   9.2502680e-01   9.9469524e+00
   2.7872449e+00   5.8011718e+00
   2.4823634e-01  -3.3607139e+00
   1.0859413e+00   2.1612363e+00
   4.9780097e-01   4.3281488e+00
   2.9941187e-01   9.0881887e+00
   2.2555752e+00   1.2076729e+01
   2.0565974e+00   7.9776325e+00
   5.9867352e-01  -1.7099869e-01
   7.2313349e-01   4.6112260e+00
   1.1599949e-01   5.8734785e+00
   2.2444405e-01  -2.5263978e-01
   3.0878167e-01   4.6508515e+00
   2.9694432e+00   1.4591843e+01
   2.6188683e+00   1.7745235e+01
   2.4244425e+00   1.7863479e+01
   2.2520710e-01  -5.9586011e+00
   5.8680365e-02   8.5616117e+00
   3.8021328e-01   3.8071507e-01
   2.0243251e+00   1.6926638e+00
   3.2472713e-01   4.9695012e-01
   2.2040666e+00   6.6440745e+00
   2.1413778e+00   1.0314267e+01
   4.4516598e-01   2.6691057e+00
   1.1122624e+00  -1.5288472e+00
   4.2493540e-01   1.9688516e+00
   2.8884079e-01  -6.0703617e+00
   5.3924956e-01   1.1839999e+01
   3.0106141e-01   2.6893118e-01
   1.4489066e+00   9.6677716e+00
   3.0794255e-01   6.8358180e+00
   2.9842362e-02  -2.2696685e-01
   1.4279671e-01  -4.4141757e+00
   2.4506846e+00   2.5581552e+00
   1.0039297e+00   8.9909404e+00
   9.9642001e-01   4.3389419e+00
   3.7829488e-01   8.9391390e+00
   5.1426213e-01   1.5401002e+00
   2.3652779e-01  -1.1259826e+01
   1.0006159e+00  -4.7796771e-01
   1.5797439e+00   1.0587919e+01
   2.4456873e+00   1.1229589e+01
   2.5885633e-01   1.2768044e+01
   1.5814604e+00   8.3476417e+00
   9.4605010e-01  -4.1510344e+00
   5.9460852e-01   1.6452060e+01
   1.4742374e+00   1.1634483e+01
   4.4325947e-01  -3.5554106e+00
   7.2467836e-01   5.4150546e+00
   1.8848916e+00   7.4761680e+00
   2.4598754e-01  -3.9618738e-01
   2.2965402e+00   3.8994888e-01
   1.2239499e+00   7.9761989e-01
   1.4381225e+00   7.5303243e+00
   6.3323386e-01   1.3378939e+00
   2.3914302e+00   5.6320751e+00
   9.0308970e-01   4.9579130e+00
   2.2552603e+00   2.2293813e+01
   2.1867242e+00   1.0181048e+01
   2.4280063e-01   7.2338974e+00
   1.2324741e+00   2.8489296e+00
   5.0495383e-01  -3.9254275e+00
   3.6225629e-02  -2.5805976e+00
   8.3820765e-01   7.2732296e+00
   3.6420005e-01   3.8400720e+00
   2.7694093e-01   3.2098715e+00
   8.3784393e-01   8.8655897e+00
   4.2235997e-01   1.4111121e+01
   2.2095042e+00   1.3870077e+01
   6.8535995e-02   1.4305863e+00
   1.6741855e+00   8.4345850e+00
   1.3235869e+00   1.0520420e+01
   2.2585941e-01   3.7106495e+00
   7.1825214e-01   1.1663327e+01
   2.6271858e-01   9.6012341e+00
   9.2632403e-01   7.7630957e+00
   1.2985077e+00  -2.0395983e+00
   3.2905159e+00   9.5666882e+00
   3.9557184e-01  -1.3885967e+00
   8.4498347e-01   9.8153855e+00
   7.9465018e-01   4.3338901e+00
   4.9453050e-01   1.3347138e+01
   2.8234056e+00   1.1706915e+01
   1.1526100e+00   5.2856584e+00
   2.5783576e-01   2.2923324e+00
   3.6178370e-01   1.0014460e+01
   2.0767876e+00   1.3743134e+01
   2.0390565e+00   9.2485943e+00
   2.3821442e+00   7.3705182e+00
   4.8510332e+00   3.2047282e+01
   8.6012454e-01   2.7969348e+00
   4.2224535e-01   7.1113246e+00
   3.2445322e-01   8.5978742e+00
   6.3259919e-01   1.2341278e+01
   2.2180791e+00   1.4285572e+01
   4.5923562e-01  -1.6153573e+00
   2.0675140e+00   1.3465025e+01
   2.0076546e+00   8.8183736e+00
   2.3167439e+00   6.0083591e+00
   1.9517363e+00   6.9561684e+00
   1.7822966e+00   6.5920918e+00
   1.6283714e+00   6.7818249e+00
   1.1473412e+00   6.0329103e+00
   1.1506564e+00   4.6556232e+00
   1.5252654e+00   4.2084904e+00
   1.3821356e+00   1.2150052e+01
   1.1325559e-01   1.0410136e+01
   3.5208091e-01   6.3029903e+00
   5.8745842e-01   4.3734652e+00
   1.6904654e+00   1.4096409e+01
   1.5510235e+00   4.6711236e+00
   2.5594560e+00   9.2801527e+00
   9.0143100e-02   3.4221849e+00
   3.4712750e-01   8.5491356e+00
   5.8377458e-01   3.5074903e+00
   1.1601825e+00   8.1047349e+00
   1.7945420e+00   6.8580665e+00
   4.7401605e-01   4.9173835e+00
   1.2138641e-02  -6.8719247e+00
   1.7694188e+00   1.4250396e+01
   1.3556012e+00   1.0941404e+01
   9.2432462e-01  -5.3849348e-01
   2.6037609e+00  -1.3456597e+00
   3.7965692e-01   1.1911301e+01
   9.1033765e-01   5.0246949e+00
   1.7313822e-02   7.6954270e+00
   9.1084562e-01   7.6951392e+00
   4.7695260e-01   5.8761913e+00
   1.8684042e+00   1.3503729e+01
   9.6405027e-01   7.2380383e+00
   1.8255191e+00  -1.0513014e+00
   2.7692358e-01   6.8438702e+00
   1.3798573e-01   1.5125864e+00
   1.0476053e+00   6.0349394e+00
   3.7755469e-01   4.7212570e+00
   1.2236701e+00   7.2475211e+00
   6.3369161e-01   1.3298447e+00
   1.8341409e-01   4.3093571e-01
   5.1501741e-01  -1.4898096e+00
   1.0926958e+00   1.0665973e+01
   1.2065594e+00   5.9539653e+00
   7.9276302e-01   6.7253937e+00
   8.6122115e-01   9.7887530e+00
   1.0227454e+00  -7.7742888e-01
   5.8282444e-01  -1.6588961e+00
   2.9767131e-01   2.6000989e+00
   8.5723255e-01   8.0584829e+00
   8.4546936e-01   2.3376178e-01
   2.0804600e+00   4.7318970e+00
   3.7117790e+00   2.1863048e+01
   1.2372357e+00   7.1405530e+00
   1.1472126e+00   8.1095501e+00
   4.2512184e-01   7.1731885e+00
   4.4018845e-02   8.2893865e+00
   6.6427373e-02  -5.5823843e+00
   7.8113431e-01   5.1568545e+00
   1.4251250e+00   7.9590438e+00
   2.6932108e-01  -5.0745342e+00
   2.7532226e-01   3.9088106e+00
   3.0022971e-01   8.8231098e+00
   2.9613323e-01  -4.1252964e+00
   2.2450673e+00   9.4291937e+00
   3.8337036e-01   7.5358317e-01
   7.6946558e-01   7.9424389e+00
   1.5503995e+00   9.0154570e-01
   2.3175085e+00   3.9052018e+00
   1.9410130e-01   9.7792452e+00
   1.7429137e+00   9.5823104e+00
   1.8105148e+00   1.4267668e+01
   4.0648480e-01   8.0115236e+00
   1.1161406e-01   6.2492415e+00
   6.6056730e-01   4.7746601e+00
   3.5282194e-01  -3.0300352e+00
   1.8734661e+00   7.6208507e+00
   4.7660879e-02   4.1034568e+00
   6.1455029e-01   6.6123344e+00
   3.8605388e-01  -9.2323832e-01
   3.3087180e+00   1.6145780e+01
   2.1170441e-01   1.1925741e+01
   2.8952527e-01   7.1017657e-01
   2.1187063e+00   9.1840423e+00
   6.4427099e-01   5.0282078e+00
   1.1213684e+00   6.6797156e-01
   6.0431349e-01   5.8689621e+00
   9.1909277e-01   5.8080098e+00
   8.7925176e-01  -7.2290568e+00
   1.7107081e+00   1.8135637e+01
   1.3649763e+00   1.2812727e+01
   3.8855868e+00   2.6988966e+01
   7.9394338e-02   7.4092636e+00
   4.2510692e-01   1.9991312e+00
   6.9764342e-02  -2.8892530e+00
   1.8108666e+00   5.0699785e+00
   8.2189650e-02   5.6386474e+00
   2.2984359e-01   1.2918747e+01
   5.4923006e-01  -1.0621747e+00
   8.2089966e-01   1.3860508e+01
   1.3562940e+00   6.4917586e-01
   2.8509024e-01   7.4778591e+00
   1.4754776e+00   5.9102665e+00
   2.7459532e+00   2.0812113e+00
   2.6483896e-01   1.5923042e+01
   3.9868487e-01  -2.3710036e+00
   3.3517556e-01   1.0268630e-02
   4.4307223e-01   1.4893040e+00
   8.6976911e-01   2.7572567e+00
   9.3965639e-01   5.8635093e+00
   2.0316924e-01   4.9671481e+00
   1.1475047e+00   1.5785078e+01
   2.0513202e-01   1.0432906e+01
   2.3689579e-01   8.1933621e+00
   1.5985907e-01  -3.7372587e-02
   6.8193701e-01   9.5902234e+00
   4.5308926e-01   2.7684125e+00
   5.0352247e-02   1.6329001e+00
   8.1201145e-01   7.2318393e+00
   2.8130971e+00   6.2687607e+00
   1.4300481e-01  -8.8030861e+00
