  1.9432217e+00  -1.0540233e+01
   4.8030465e+00   1.0554756e+02
  -4.4844960e+00  -7.4450026e+01
   2.9322817e+00   1.2648209e+02
  -6.4188656e-01  -4.1060126e+01
  -1.8829811e+00  -1.2529002e+02
   2.2265751e+00  -2.8832421e+01
  -1.3789310e+00   7.5050591e+00
  -1.3103529e+00  -1.4331769e+01
   4.1123798e+00   9.4023283e+01
  -1.2280536e+00  -3.3656616e+00
   1.2472077e+00   4.4306280e+01
  -1.6650910e+00   9.2040763e+00
  -6.8293451e-01  -3.5861595e+01
  -1.7869851e+00  -5.0863523e+01
   6.3067657e-01  -3.7571790e+01
  -1.8732313e+00   2.1404317e+00
   6.1509989e-01   4.5121628e+01
  -1.0252211e+01  -1.1521291e+02
   4.3278159e-01  -2.4438310e+01
  -1.0447133e+00   1.6118140e+00
   3.9249198e-01   3.8639601e+01
  -1.9198788e+00  -1.9537849e+01
   6.3450388e-01  -4.3051837e+01
   6.3259499e-02   7.7264078e+00
   2.2510997e+00   1.1198860e+02
  -7.8272689e-01  -3.8430720e+01
   1.5561598e-01   2.1627011e+01
  -2.5457962e+00  -4.7549437e+01
  -2.7406803e-01   5.2789038e+01
   3.9031400e-01  -2.9492263e+01
  -5.8005951e-01  -3.5076981e+01
  -5.0553671e-01  -1.1120155e+02
  -4.5676385e-01   3.6894926e+00
   1.3600943e+00   1.0476890e+02
  -1.0574703e+00   2.8425562e+01
   1.5477030e+00   3.5195233e+01
   3.5224300e-01   6.9089529e+00
  -6.4564331e-02  -2.3327061e+01
  -2.9582654e+00  -3.2924487e+01
  -2.8502203e-01   6.1086881e+01
  -4.6182278e-02   6.9510619e+00
  -2.1413867e+00  -4.4399510e+01
   1.7732381e-01   2.1342002e+01
   3.8412987e+00   5.3642423e+01
   2.6215242e-02  -3.4256047e+01
  -1.9678426e+00   4.0790149e+01
  -9.7249334e-01   4.1930730e+01
   7.6716514e-01   1.0335740e+02
   1.3044158e+01   2.9043286e+02
  -2.2631213e+00  -3.2381795e+00
   1.9666918e+00   9.8910677e+01
  -1.6197398e-02   6.9489666e+01
   4.7345243e-01   1.1042723e+01
  -1.8994969e+00   4.3153045e+01
  -1.1847233e+00   4.2336317e+01
   2.1301826e+00   2.3622800e+01
  -5.8581097e-02   3.9366417e+01
  -2.2871822e+00  -5.1949864e+01
   1.1391345e+00   6.2792180e+01
   1.5148605e+00  -5.4885577e+01
   7.2642405e-01   7.5181632e+01
   3.2893795e-02  -2.1479275e+01
   7.2797770e-02  -4.8386276e+00
  -3.5534558e+00  -1.5062874e+02
  -6.4415083e-01   6.8166743e+01
  -1.3713626e+00  -8.8752068e+01
   1.0098464e+00   6.5140936e+01
   7.0801463e-01  -4.0949502e+01
  -2.6292368e-01  -1.6054449e+01
  -2.6897958e+00  -7.5183222e+01
   3.2433062e-01  -1.0015863e+00
  -1.5547926e+00  -6.5619918e+01
  -1.5833019e-01  -1.2455089e-01
   8.1686916e-01  -5.9713340e+00
   1.4946034e+00   1.1524455e+01
  -2.2767384e+00  -8.3352978e+01
  -2.6373370e+00  -4.8015785e+01
  -8.2841539e-01  -1.0864017e+01
  -4.3470766e-01  -2.5438603e+01
   4.3924806e-01   9.7678148e+01
  -6.1546217e+00  -6.5142957e+01
   2.6695206e+00   2.2884784e+01
  -1.7664649e+00  -5.0508027e+01
   5.1289462e-02   3.4772608e+01
   8.6318770e-01   2.6279795e+00
  -5.8326035e+00  -1.9288547e+02
   6.8741991e-01  -2.3585237e+01
   2.0377667e+00   8.9952566e+01
  -1.4401404e+00  -5.7813984e+00
  -1.1266693e+00  -4.3463018e+01
   8.3066808e-01   3.1048628e+01
  -5.1573886e+00  -1.3816922e+01
  -1.5989788e+00  -2.1952886e+00
  -6.2368776e-01   2.0637438e+01
  -3.0330675e+00  -5.8484641e+01
   1.5863111e-01   5.5372112e+01
  -1.5375770e+00  -9.0432710e+01
   1.4160520e+00   3.1349750e+00
  -9.7132453e+00  -6.2523507e+01
   1.6542000e-02   8.5089582e+01
  -3.0634583e+00  -9.6905941e+01
   1.0844779e-01   6.8263438e+01
   8.6058246e-01  -1.1044039e+00
  -6.9712029e-01  -2.4779834e+01
   1.1307141e+00   1.9246668e+01
   2.9032044e+00   9.9624350e+01
   4.1804181e-01   3.7278639e+01
   3.4377943e+00   1.0901862e+02
  -8.4189069e+00  -1.9892770e+02
   1.5149749e+00   7.0334975e+01
   1.1851109e+00  -2.9279910e+01
   1.1100819e+00   7.1333223e+01
   3.2312076e-01   5.0854972e+01
  -2.2758685e-01  -5.5557489e+00
  -1.6196025e+00  -1.9504856e+01
   7.4108723e-01   1.0032083e+02
   1.4282166e-01   6.6936243e+01
   5.3405881e+00   1.8538534e+02
  -1.2812365e+00  -4.8252760e+01
   5.1319318e+00   7.0747513e+01
  -4.4901690e+00  -8.2457371e+01
  -7.1269128e-01  -6.7958568e+00
  -5.4766212e+00  -8.9757066e+01
   1.5206003e+00   1.7340733e+00
  -1.4923613e+00  -6.4950745e+01
   1.5808593e-01   5.6126428e+01
   1.3146858e+00   8.1500926e+01
   2.5951657e+00   7.6918428e+01
  -3.7378444e+00  -4.1978278e+01
  -4.8761604e-01  -8.4586954e+01
   4.6716574e-01   1.1623318e+00
  -1.9122990e+00  -1.6438108e+01
  -2.9861789e+00  -4.4024212e+01
   2.2250351e+00   8.4816214e+01
  -4.5930973e-01   3.3964821e+01
  -8.8415253e-01  -2.3131974e+01
  -7.5943395e+00  -1.1232211e+02
   6.2142693e-01  -1.8371819e+01
  -2.0101109e+00   3.7808389e+01
  -3.0257527e+00  -7.0001264e+01
  -5.4597940e-01   5.7798282e+01
  -1.2690050e+00  -9.6400230e+01
  -5.5508704e-01   9.5952352e+00
   1.0138173e+00   3.2525014e+01
  -2.4726525e+00  -2.3159239e-01
  -1.5040854e+00  -5.8522184e+01
  -2.1883237e+00  -3.1464063e+01
  -9.0556200e-01   9.4549604e+01
  -3.7480373e+00  -8.2887015e+01
  -1.1093819e+00  -4.0692448e+01
  -2.5510935e-01  -4.4615878e+01
  -1.0817604e+00  -2.9937097e+00
  -2.0616965e-01   4.6071430e+00
  -3.3674292e-01  -2.2698360e+01
   2.3321337e+00   3.8172651e+01
   1.5206865e+00   5.4691021e+01
   3.7809747e+00   1.2433092e+02
  -1.5873162e+00  -4.1275979e+01
  -2.1929692e+00  -3.3000063e+01
   3.3823096e-01   9.5433389e+01
   7.1538879e-01  -3.0489459e+01
   1.2573230e-01  -7.1689066e+01
  -8.9530587e-01   1.8759967e+01
  -4.5694499e+00  -1.5031755e+02
   4.6477160e-01   4.2528835e+01
   3.8323035e-01  -1.8940115e+01
  -1.3926098e+00  -2.3646481e+01
   3.2942367e+00   6.7032129e+01
   7.6151018e-01   4.2913721e+01
  -2.3131844e+00  -3.7630864e+01
  -3.2033338e+00  -1.4902872e+00
  -1.1830001e-01  -5.1508825e+01
  -2.1788738e-01   5.4151946e+00
  -2.1199052e+00  -3.1491643e+01
  -3.0579413e-01   6.6213619e+00
  -9.9883912e-01  -6.6466336e+01
   1.2727020e+00   6.5449721e+01
   4.5428055e+00   5.4857318e+01
   3.2319093e+00   3.9986083e+01
  -1.3775738e+00  -2.8967220e+01
  -2.4686029e-01   8.7202983e-01
  -1.2664440e+00   1.5507896e+01
  -5.5023990e-01   2.2629290e+01
  -2.5351705e-01   6.2664096e+01
   2.6758650e-01   1.7279938e+01
  -2.9869128e+00  -3.8893773e+01
  -5.4653040e+00  -1.0501824e+02
  -1.1085565e+00  -3.5747677e+01
   2.7446158e+00   1.0884887e+01
  -1.0181104e+00   3.2033841e+00
   8.3719020e-01   3.3288867e+01
   1.0656194e+00  -3.7328412e+01
  -1.6109948e+00  -1.8498453e+00
  -1.5426268e+00  -5.5958481e+01
   4.1747429e+00   7.0042999e+01
  -5.6329029e+00  -1.2634172e+02
   9.6178783e-01   5.1597250e+01
  -1.9372976e+00  -3.7089735e+01
   4.0794554e+00   4.5828977e+01
  -1.2837732e+00  -6.5547381e+01
   3.1835248e-01   1.9851098e+01
   7.9090287e-01  -2.0762619e+01
  -1.5883873e+00  -6.3157456e+01
   3.4136462e+00   4.5875996e+01
  -1.2951251e+00  -6.3604055e+01
  -9.6732255e-01  -1.1668308e+01
  -2.8591847e-01   4.8535447e+01
  -7.8540567e-03  -4.2571992e+01
   1.3360625e+00   4.1804851e+01
   8.6424550e-01  -3.4008442e+01
  -4.7936772e+00  -1.2133380e+02
   1.9910792e+00   1.6679540e+02
  -7.1191043e-01  -1.7487099e+01
   2.5418118e+00   2.1658940e+02
  -1.5399842e-01   4.2608399e+01
   2.9286753e+00   6.0726859e+01
   2.7741745e-01   7.0012484e+01
   9.9911139e-01  -2.7522959e+01
  -1.8394725e+00  -6.4028481e-01
   3.4397150e+00   5.2568820e+01
  -1.0728706e-01   5.5824739e+01
  -3.5548118e-01  -1.8184445e+01
   2.0101741e+00   7.6715535e+01
   2.0294164e-01  -8.5865585e+00
   1.4217686e-01  -2.1053053e+01
  -6.7863763e-01  -6.9109690e+01
   1.7546452e+00   2.1633176e+02
  -3.0224048e+00  -3.7641533e+01
  -4.1740059e-01   4.3729464e+01
   1.2460380e+00   5.7815055e+00
  -1.0326797e+00  -5.5454550e+01
  -5.2648915e-01  -3.7258822e+01
  -1.5344553e+00  -1.9880332e+01
   1.7045003e+00   1.6790972e+02
  -8.2030065e-02  -1.0746090e+01
   6.4228366e+00   5.7750362e+01
   1.2766794e-01  -1.9747135e+01
  -4.1851879e+00  -1.1576942e+02
   4.6461711e-01   2.1148174e+01
  -1.1678796e+00   4.7836057e+00
  -1.7664218e+00   1.0908337e+02
   2.2449346e+00   2.5494393e+01
  -1.4040755e+00   6.8454365e-01
   8.0078346e-01  -4.5364752e+01
   5.4325809e-01  -2.9599865e+01
   4.9419406e-01   3.6573953e+01
  -8.9597921e-01  -4.0537823e+01
   8.4257832e-01   4.0029105e+01
  -2.4110481e+00  -5.2590612e+01
   4.4967853e-01   3.3364071e+01
  -3.5427119e-01  -9.0558070e+00
   2.8192542e+00   2.0283938e+01
  -7.7081447e-02   1.4623654e+01
   9.7691706e-01   1.3045813e+01
   5.6302209e-01   6.3339950e+01
  -9.4436172e-01  -7.8673246e+01
  -6.4730748e-01   3.8994146e+01
   8.6988128e-01   1.1953130e+01
   4.3581702e-02   7.4334230e+01
   2.3891705e+00   6.8475315e+01
   5.1385333e-01  -8.6211990e+00
  -2.3922906e+00  -6.7154725e+01
  -1.1574417e+00  -4.9689302e+01
   4.0294915e-01   3.9984879e+01
  -4.3163963e-02  -3.5100443e+01
   3.2169567e+00   1.1264393e+02
  -1.6592376e+00  -6.9923728e+01
  -7.6469838e+00  -1.8653063e+02
   2.9032210e+00   5.2551293e+01
  -2.5338760e+00  -8.4604969e+01
   1.0068631e+00  -7.0884620e+00
   2.1761848e-01  -1.5825703e+01
  -9.6312521e-01  -3.5426284e+01
  -3.4895316e+00  -1.0112598e+02
  -1.2287163e+00   3.2899121e+01
  -1.9827619e+00  -6.8810836e+01
  -5.8330062e-01  -5.0785110e+01
  -9.5078757e+00  -2.2979977e+02
  -3.2687973e+00  -1.3828081e+02
   1.5662202e+00   9.2051673e+01
   1.2062391e+00  -4.1494753e+01
  -1.2021935e+00   1.7401969e+00
  -9.8656210e-01  -5.3673474e+01
   5.5220930e+00   2.0306327e+02
   1.4483930e+00   6.9614681e+00
  -2.4320967e-01  -4.1097608e+01
   3.2851461e+00   8.2990749e+01
  -5.1692071e-01  -5.1710252e+01
   1.1971545e+00   4.1519618e+01
  -2.5106271e+00  -8.3437206e+01
  -2.4265855e+00  -4.9084091e+01
   5.7436992e-01   2.5003724e+01
  -5.7230276e+00  -1.3421052e+02
  -3.8939458e+00  -6.6287431e+01
  -1.2322608e+00  -7.7934483e+01
  -7.3900629e-01  -1.4155123e+01
  -5.6383419e-02  -1.2509895e+00
  -9.2638402e-02  -2.8636611e+01
   1.0277514e+01   2.2429652e+02
   3.7261575e+00   1.0107451e+02
  -1.9468033e-01  -4.2908910e+00
  -1.2041025e-01   6.1348425e+01
  -3.7646953e+00  -2.9224165e+01
  -9.0379058e-01  -3.0163252e+01
   8.0906570e-01   5.2541746e+01
  -2.4644356e-01  -4.1953177e+01
  -2.9979012e+00  -8.9862645e+00
  -1.2652413e+00  -1.2763370e+00
   3.1390802e+00   5.6332515e+01
   7.7953173e-02   8.7187401e+00
   1.9606707e+00   4.3824261e+01
   1.4856289e+00   3.3860243e+01
  -9.2211315e+00  -2.5423286e+02
  -8.3243381e-01  -4.8153640e+01
   6.7764836e-01  -1.7901645e+01
  -1.5162048e+00  -2.2902345e+01
  -1.7409012e+00   1.2047893e-01
  -3.9616434e-01  -8.9819912e+00
  -8.4162044e-02   4.2517500e+01
  -8.4865106e-01  -5.7525733e+01
   4.1786599e+00   5.6995830e+01
   3.4960331e-01  -9.4547771e+01
   3.0057898e+00   9.9938463e+01
   5.8435789e-01  -5.3266106e+01
  -3.0697757e+00  -1.5127283e+01
  -1.9032056e+00  -1.1467953e+02
  -4.7000674e-01   5.0403311e+01
  -4.6830771e+00  -8.7729265e+01
   9.3726714e+00   1.8829590e+02
  -2.4939971e-01  -1.0272020e+01
   2.4965176e+00   3.7729515e+01
  -2.0915834e-01  -2.6936628e+01
  -2.4189657e+00   4.1357600e+01
   4.3611249e-01   9.4687561e+01
   8.9642177e-01  -1.0457102e+02
  -2.2714148e+00  -5.4160332e+01
  -2.4305877e+00  -3.5861044e+01
   2.1632096e+00   3.6421491e+01
   6.4042034e-01  -3.4568435e+01
   2.4091663e+00   2.9214876e+01
   2.8550992e-01   3.8539225e+01
   9.6006656e-01  -9.8182109e-01
   2.0506473e+00   7.2562699e+00
  -3.7509269e+00  -9.4192799e+01
  -2.8602563e+00  -1.4742661e+00
  -2.3083833e+00  -7.6837393e+01
   5.0799098e+00   8.4477161e+01
   1.0587403e+00   3.6375612e+01
  -5.4847334e-01   4.1809306e+01
  -8.3780922e-01   3.9073575e+01
   1.9221686e+00  -2.8127339e+01
   3.1997769e+00   1.1774151e+02
   1.2940936e+00   8.0561918e+01
  -2.3760989e+00  -2.1977659e+01
  -4.7458622e-02   6.7207415e-01
  -2.0120364e+00  -1.8902425e+01
   3.1436678e+00   1.4258840e+02
   3.5348996e+00   7.0964235e+01
   2.2335580e-01   5.5707411e+00
  -7.0426440e-02  -6.2998253e+01
  -4.5566377e-01   3.9386334e+01
   1.6810451e+00   3.8971329e+01
   2.8970095e+00   1.0395297e+02
   6.4696642e-01   8.9123254e+01
   3.9182018e-01  -5.0665746e+01
  -6.5438394e+00  -1.2383307e+02
   2.2446574e+00   7.5272355e+01
  -4.7275775e+00  -5.7080835e+01
  -2.4198975e+00  -2.4324522e+01
   5.8461536e+00   1.1186690e+02
  -1.9938270e+00  -1.0450449e+02
  -1.9752995e+00  -4.0461192e+01
   2.8295773e+00   3.1657614e+01
   9.9191469e-01   1.5920446e+01
  -1.0997884e+00   2.0142446e+01
  -8.5719310e-01  -3.4876692e+01
   2.4422800e+00   5.3518192e+01
   2.6051795e-01   6.1348882e+01
  -2.1487226e-01   4.8388989e+01
  -2.2521145e+00  -5.9344984e+00
  -2.5064130e+00  -7.2627621e+00
   2.3300649e+00  -1.8520860e+01
  -3.8165413e+00   1.4666979e+00
   2.1666880e+00   7.2026188e+01
  -4.1473218e+00  -4.5952640e+01
  -7.7740535e-01  -5.3793343e+00
   5.5328171e-01   5.0594493e+01
  -5.0815914e-01  -7.9320288e+01
  -3.6348324e+00  -1.1537720e+01
   2.7127911e+00   3.4563454e+01
   2.0141962e-01   4.8591662e+00
  -8.7921895e-02  -3.7205846e+01
   2.0793691e-01   2.7679097e+01
   2.2333230e+00   7.3796556e+01
  -2.7178045e+00  -4.3125897e+01
  -2.4167897e+00  -1.2289561e+01
  -1.0779363e+00  -5.1868575e+01
   3.1501987e+00   2.7576866e+01
  -3.2344360e+00  -9.0273206e+01
  -4.8851127e+00  -8.4056245e+01
  -3.6902490e-01  -8.2658783e+01
  -4.9905090e-01   5.8744444e+01
   1.9668298e+00  -1.2182127e+01
   5.9430191e-01   1.6713925e+01
   2.3404903e+00   1.0115862e+02
   9.6929809e-01  -4.0861371e+01
  -5.2029869e-01  -1.1262500e+02
   1.5611647e-01  -3.8722825e+01
   3.8609259e+00   7.1375155e+01
  -4.8509307e-01   5.8423618e+01
   8.4884007e-01   6.5182395e+01
   2.7657939e+00   1.0668202e+02
   2.1552945e+00  -4.5944286e+01
  -2.6654201e+00  -5.4740137e+01
   1.6122391e+00   2.3750189e+01
   2.3643966e-01   2.9826010e+01
  -7.1910398e-02   9.4832141e+01
   4.0341196e+00   1.0300064e+02
   7.2893642e-01   2.8523275e+01
   1.7213400e+00   7.0786339e+01
   6.0678062e-01  -1.2956817e+01
   1.3170091e+00   3.7446160e+01
  -1.6310433e+00  -6.7198257e+01
   5.9397480e-01   3.5392454e+01
  -1.1361861e+00  -1.3335196e+01
  -3.2618933e-01  -4.9485281e+01
   7.2286020e-02  -4.5679773e+01
   2.9769337e+00  -1.7523646e+00
  -1.5590746e+00  -8.9353851e+01
  -1.5103478e+00  -3.3205607e+01
  -6.5452005e-01  -6.5853441e+00
   3.2047238e+00   3.5070961e+00
  -1.1755267e+00   1.1537461e+01
   3.1626615e+00   4.6841111e+01
   2.8484597e-01   1.0616397e+02
   7.2082302e+00   1.7746762e+02
   2.2140128e+00   3.8719851e+01
   5.8859918e-01  -1.8461790e+01
  -2.1264835e+00  -3.8761745e+01
  -5.4108142e+00  -2.1435601e+01
  -3.2930101e+00  -1.0088590e+02
  -3.9503720e+00  -1.1097780e+02
   1.3936849e+00  -2.4933512e+01
  -6.8090064e+00  -2.0159644e+02
   3.5096758e-01  -2.7423309e+01
   1.6264837e+00   1.0995258e+02
   3.7832394e+00   6.7137959e+01
  -2.2858369e+00  -2.8406530e+01
   1.7656549e+00   1.8508678e+02
  -1.7167247e+00  -1.1435351e+02
   7.2128891e+00   1.3684880e+02
  -4.6722610e+00   3.4889696e+00
   3.6785261e+00   9.2209470e+01
  -1.9532020e+00  -5.0334202e+00
  -3.4246183e-01  -6.2947884e+00
   1.1559787e-01  -1.1911276e+01
  -5.7212310e+00  -8.9971390e+01
  -3.1750405e-01  -4.8633230e+01
   8.4111088e-01  -2.5230642e+01
   5.5751207e-01  -6.1000571e+01
  -5.2917929e-01   4.9588934e+01
   3.0269786e+00   1.2997351e+02
   2.5702258e-01   4.0380015e+01
  -5.9288255e-01   1.7405611e+01
   9.6331064e+00   2.1503726e+02
   5.0497245e+00   9.6145309e+01
  -1.0999007e+00  -1.2117403e+01
  -1.0897987e+00  -3.7129728e+01
  -2.9935098e-01  -6.8296217e+01
   1.4167927e-01   5.0770900e+01
   6.6935343e+00   1.7959194e+02
   1.0415232e+00   2.9473918e+00
  -6.8702431e-01  -1.2405180e+01
   4.6142696e+00   1.0276063e+02
  -1.5874721e+00  -4.8657000e+01
   6.1758361e+00   1.5686131e+02
   2.1024654e-01  -8.2916702e+01
  -1.9895594e+00  -1.0388835e+01
   1.2581593e+00   9.3446277e+01
  -1.1820162e+00  -3.6935932e+01
   1.6590577e+00  -7.8814184e+00
   1.7659364e+00   1.4009631e+01
  -4.8592281e+00  -1.1582828e+02
   2.6759679e-03   4.1041119e+01
  -3.5888899e+00  -9.2204663e+01
   1.9317596e+00   9.8604374e+01
   3.6758327e-01  -2.7157939e+01
   5.0238921e-01   2.7914086e+01
   2.0045320e+00  -2.2539613e+01
   6.6844081e-02   8.7839991e+00
   3.6796454e+00   1.2139375e+02
   1.9196303e-01  -3.6594926e+01
   5.5657330e+00   1.4015000e+02
   5.0624657e-01   3.0757605e+01
  -1.5783393e+00  -2.8815599e+01
   9.7869935e-01   2.5750747e+01
   1.6912369e+00   8.6077473e+01
  -7.0270779e-01  -4.1001662e+01
   1.0366272e+00   4.4683584e+01
   2.8738414e+00  -1.4271626e+00
  -1.1271499e+00  -5.1483644e+01
  -1.2711009e+00  -4.9939396e+01
  -2.5055676e+00  -6.3938089e+01
   1.1540869e+00  -3.4883998e+00
  -8.4846274e-01   2.6673849e+01
   1.7333475e+00   3.9304953e+01
   1.0842520e+00   8.1789426e+00
   4.5950725e-02  -5.5310978e+00
  -1.0945603e+00  -1.5271900e+01
   3.0552900e-01  -5.6995338e+01
   1.1962269e-01   1.7541819e+01
  -2.2202254e+00  -2.8952809e+01
  -2.4104179e+00  -3.9749335e+01
  -1.7553217e+00  -4.5602606e+01
  -9.0270987e-02  -1.6005852e+00
  -3.5351951e+00  -1.3784754e+02
   1.0010543e+00   2.3279559e+01
   3.1870403e+00   3.9650228e+01
  -1.1668419e-01  -2.7993240e+01
  -3.1876255e+00  -7.3756548e+01
  -1.9852875e+00  -4.5916956e+01
  -1.1258787e-01   1.8714416e+01
  -1.6804182e+00  -7.6009318e+01
  -7.7101558e-01   6.8177660e+00
   2.3184423e-01   4.4173914e+01
   7.4786199e-01   1.1062476e+01
   4.4561037e-01  -6.1986327e+01
  -7.1528179e-01  -5.6011518e+00
   1.3036808e+00  -2.6696180e+00
   1.1868401e+00   5.2187860e+01
  -5.1461103e-01  -2.1300635e+01
   1.1705245e+00  -3.5564515e+01
   8.0937442e-01  -2.2392568e+01
  -6.4316143e+00  -1.5556596e+02
   3.2498576e-01  -2.4672329e+01
  -2.5571987e+00  -2.9668209e+01
   1.1621066e+00   1.9044674e+01
  -6.7630137e+00  -5.7060492e+01
   1.4839266e+00   1.1454537e+02
  -2.4635859e+00  -4.8091002e+01
  -7.4547254e-02   2.0233602e+01
  -2.0237751e+00  -2.1139644e+01
  -5.2331997e+00  -1.3170021e+02
  -1.6521909e+00  -2.7497127e+01
   5.5677057e-01   3.8393750e+01
  -1.9349702e-02  -9.4932344e+01
  -4.2896427e-01   2.3101851e-01
   4.8359459e+00   1.5713680e+02
  -4.1026306e+00  -1.2144972e+02
  -8.1275012e-01  -2.8578247e+01
  -4.3174862e+00  -3.6047563e+01
   1.1903535e-01   3.7075231e+01
   1.9747937e+00  -7.7332963e+01
   1.6178756e+00   9.2832406e+01
   1.7627932e+00   5.9272503e+01
   2.7334778e+00   5.6957669e+01
  -5.2068198e-02  -6.1505028e+01
   1.7195398e+00   9.9550699e+01
  -4.7865499e+00   1.7257978e+01
  -2.1311496e+00  -7.4914393e+01
  -1.1921981e+01  -1.7029473e+02
   3.8155703e+00   3.3739078e+01
   1.4207249e+00  -8.4992565e+00
  -6.0047405e+00  -1.3056801e+02
  -6.9147469e+00  -1.8804032e+02
  -5.5012741e-02   2.7349405e+01
   5.6011077e-01   2.4163095e+01
   1.2193280e-01   3.8356326e+01
   3.1597458e-01  -2.5639375e+01
  -1.5743162e+00   2.3211258e+01
   1.6404580e+00   2.6113171e+01
   8.0196323e-01  -3.3635881e+01
   1.8212997e-01  -5.0107743e+01
   3.2353556e-01   3.8052052e+01
   2.8603294e+00   2.4307002e+01
   4.0599191e+00   1.1394829e+02
   6.4042689e-01   5.2026961e+00
  -3.1649515e+00  -5.6817633e+01
   4.1770145e-01   5.6658332e+01
  -7.9076307e-01   2.1222943e+01
  -2.4956271e+00  -2.0176532e+01
   5.4763412e-01   9.7095113e+01
   4.5848513e+00   5.6298949e+01
   4.9976558e+00   9.7375491e+01
   5.4195622e+00   6.2980587e+01
  -1.8481650e+00  -3.4579805e+01
  -8.9678825e-01  -2.3860660e+01
  -6.0914372e+00  -7.5724857e+01
  -6.3570032e-01  -4.4476728e+01
  -8.9102563e-01  -6.0428389e+01
  -6.3432929e+00  -9.4189880e+01
  -1.8677798e+00  -1.2123776e+02
  -9.8055615e-01   6.4011230e+01
  -4.1664623e+00  -6.6530204e+01
   1.0819044e+00  -2.3299224e-01
   9.1743580e-02   4.2310259e+01
   1.2974058e+00   8.6770257e+01
  -5.8965619e-01  -1.4739077e+02
   9.3716873e-01   2.8525394e+01
   1.7432432e+00   1.4716611e+01
  -1.8174047e+00  -4.9995647e+01
  -5.6291907e-01   3.8743116e+01
  -9.0043588e+00  -2.1255478e+02
  -8.7693566e+00  -9.5239080e+01
  -7.9131468e-01  -2.3901441e+00
   1.2503024e-01  -2.8011939e+01
   3.1792330e+00   9.5471911e+01
   9.7535575e-01  -1.9074701e+00
  -2.0972532e+00  -9.8570893e+01
  -9.7957968e-01  -4.0979378e+01
  -1.3420763e-01  -1.2187617e+01
   5.3950101e+00   1.3491764e+02
   1.1825741e+00  -5.9049263e+01
  -1.9352089e+00   1.6849861e+01
  -1.1363371e+00   9.1066368e+01
   3.3213043e+00   7.7709439e+01
   1.2269729e+00   2.7699509e+01
   5.2231028e-01   6.8536030e+01
  -1.6744707e+00   4.1725991e+01
   3.4898195e+00  -2.1043089e+01
  -3.1394900e-01   4.0634681e+01
  -1.1558552e+00  -6.3177013e+01
  -1.0125521e+00  -8.0959378e+01
  -6.5245930e+00  -1.0306484e+02
   1.7356273e-01  -2.6726324e+01
  -3.5851992e-01   1.5504401e+00
   3.4517021e+00   5.1383055e+01
   1.2792825e+00   3.2183170e+01
   3.0470548e-01   1.1278464e+01
   2.3144812e+00   8.0220954e+01
   3.9985175e-02  -4.7895082e+01
  -4.2684974e-01   3.3760870e+01
   9.5904187e-01   3.4510018e+01
  -1.7315152e+00  -9.4160860e+01
  -5.5880992e-01   3.7956398e+01
  -5.0889876e+00  -6.9230861e+01
   1.4636458e+00   1.0423615e+02
   1.6242429e+00   8.6619878e+01
  -4.1372910e-01  -1.3194479e+01
   9.8544614e+00   1.1051144e+02
   1.8815428e+00   6.9185103e+01
  -3.1178004e+00  -1.0610116e+02
  -1.0011204e+00  -7.2224278e+00
  -1.1313500e+00  -4.4556733e+01
   1.4402955e+00   6.0217170e+01
   1.8493851e+00   3.1694715e+01
  -2.6994019e+00  -8.3876815e+01
   6.2595381e+00   1.6470938e+02
  -5.4364161e-01  -8.0300390e+01
  -3.0373514e-01  -5.2903284e+01
  -2.3919830e+00   3.9413842e+01
  -4.9240849e+00  -7.0945263e+01
   5.4886351e+00   5.9224947e+01
  -8.5071066e-01   3.0672760e+00
   1.0184566e+00   5.5100547e+01
   6.1027973e-01   1.5921489e+01
   4.0513982e+00   1.9975268e+02
  -1.8497703e+00  -1.2267138e+02
  -7.3910936e-02  -1.6673599e+01
  -1.5992592e+00  -2.3429896e+00
   1.0110478e+00   1.5186006e+02
   7.5889128e-01   1.0036395e+02
   3.3022967e+00   9.8831318e+01
   7.9707406e-02  -4.1732090e+01
   2.8201550e+00   5.5347926e+01
   8.3747681e-02   1.6289252e+01
  -1.9792996e+00  -4.6434162e+01
   6.0380536e-01   1.3144642e+00
  -4.1029590e+00  -4.9918105e+01
  -3.1312213e-01   6.4380464e+01
   6.8336956e+00   2.1227675e+02
   8.0397326e-01   2.1769215e+01
   7.8979237e+00   1.7446948e+02
   3.9068562e+00   3.6692614e+01
  -2.6516359e+00  -1.1201447e+02
   4.2700754e-02  -2.2555004e+01
  -3.6184996e+00  -8.4156023e+01
  -1.2091445e+00  -5.8257156e+01
  -1.5649534e+00  -7.3470005e+01
  -2.1213136e+00  -3.7838374e+01
   1.0475248e+00   1.0984375e+02
   3.9444393e+00   1.4845974e+02
   1.0475863e+01   2.0524839e+02
  -4.7194920e+00  -1.6031923e+02
   8.0128188e-01   4.3118048e+01
  -2.2633975e+00  -1.1746382e+02
   1.3267845e+00   5.1090918e+01
  -5.6826164e+00  -9.5361184e+01
  -6.6447652e-01  -5.1084676e+01
  -7.2075757e+00  -1.7182852e+02
  -4.0520823e+00  -2.3613675e+01
  -1.6315951e+00  -2.3896713e+01
   9.8967415e-01   4.7169331e+01
   2.0661988e+00   6.7664928e+01
  -1.8536121e+00  -4.4481095e+01
   1.5075338e+00   6.1755473e+00
  -4.6110756e+00  -1.3883232e+02
  -1.1918392e+00   1.2545158e+01
   1.6780612e+00   6.4724673e+01
   1.4354922e+00   5.8401301e+01
  -4.7656744e-01   1.6808543e+01
  -3.3160752e-01   3.8977568e+01
  -3.9070830e-02   5.6059450e+01
   1.7411430e+00   2.2096541e+00
  -1.1301609e+00   4.9934806e+01
  -3.3030514e-01   3.6985256e+01
   6.9526514e-01   8.6234398e+01
   3.5858106e-01   7.1422700e+01
  -4.3294584e-01  -1.1566240e+00
   8.5094820e+00   2.0094989e+02
  -2.5826001e+00  -1.2683911e+01
  -1.7944365e-01   9.4806359e+00
   1.8731051e+00   1.1269955e+00
   1.5083848e-01  -2.1601641e+01
   2.7315820e+00   3.7716740e+01
   1.2516819e-01   3.6205243e+01
   8.9217280e+00   1.9470158e+02
   6.1107943e-01  -1.0309076e+02
  -2.3598130e+00  -8.0011601e+01
  -5.5155755e+00  -1.6217921e+02
  -9.0408525e+00  -1.4097092e+02
  -1.3899924e-01  -4.4920597e+01
  -4.5309588e+00  -2.5551573e+01
   2.0309743e-01   2.4105405e+01
   5.9569532e-02   4.0961693e+01
   1.1370111e+00  -6.3812523e+01
   4.1879607e+00   7.9832242e+01
  -3.2828427e-01   1.4180118e+01
  -1.6743530e+00  -2.4173998e+01
   1.4629830e-01   4.3764132e+01
  -3.3309054e+00  -1.5357432e+02
  -7.0433853e-01  -2.8316609e+01
   5.9236329e-01   1.0439839e+02
  -1.9556951e+00  -1.7467413e+01
   6.1576854e-01  -9.8722816e+01
  -4.9050199e-01  -1.1847067e+02
  -2.9010482e-01  -5.5133270e+01
  -2.6734249e+00  -8.0392165e+01
  -1.3309297e-01  -4.8893676e+01
  -8.1953338e-01   5.9678005e+01
  -1.7662579e+00   1.3183059e+00
   3.1256287e+00   6.0872213e+01
  -2.0382635e-01   7.0309250e+00
  -3.8795494e-01   3.1294421e+01
  -4.5045204e+00  -2.0123812e+02
  -2.0762415e+00  -6.8311430e+01
  -3.5149115e+00  -3.7942623e+01
  -5.6060773e+00  -1.3629995e+02
   2.2609374e+00   1.8770156e+01
  -3.3187502e-01  -4.5591044e+01
  -2.3665344e+00  -2.9625857e+01
  -8.0449446e-01   5.2538367e+00
  -1.4237932e+00   2.4859761e+00
   1.9175741e+00   2.5957224e+01
  -1.4664887e+00  -1.7709611e+01
   1.8945881e-01  -2.5895153e+01
  -5.1799501e+00  -9.6263770e+01
  -8.4236375e-01  -1.3525570e+02
   5.7796582e+00   9.8342336e+01
  -3.1664867e+00  -9.8181727e+00
  -7.0801634e+00  -1.7589940e+02
   1.0982109e+00   8.1150636e+01
   1.3198888e+01   3.2151592e+02
   4.6973194e+00   1.3741473e+02
   1.5126028e+00   5.5872066e+01
  -1.3026207e+00   9.8097766e+00
  -8.3641049e-01   2.6204481e+01
   4.6015997e-01   3.0756319e+01
  -1.0359043e+00  -2.5541177e+01
  -5.1381989e-01  -4.4935824e+01
   1.1557946e+00  -5.6755229e+01
  -1.7437468e+00  -3.3481359e+01
   6.9452358e+00   1.1365349e+02
  -2.8294860e+00  -7.9970762e+01
   3.9865992e-01  -2.3026378e+01
   2.8924371e+00   1.3307109e+02
   1.2130675e+00   1.1587203e+02
  -2.1166077e+00  -6.5958859e+01
   1.7117708e-01  -3.4647120e+01
   2.9449059e+00   5.9385592e+01
   5.8120461e+00   2.1875046e+02
  -5.4908157e+00  -1.0372874e+02
  -2.8614287e-01  -4.3085951e+01
   1.8283657e+00   3.9642864e+01
  -5.9106383e-01   5.8716082e+01
   2.4926066e+00   6.3121838e+01
   1.3296404e+00   1.1908830e+02
  -3.0290541e+00  -9.2521022e+01
   2.9737912e+00   1.0380378e+01
  -7.8484162e-01   2.4906778e+00
  -1.4526790e+00  -3.7009591e+01
   4.2627212e-02  -1.6375959e+01
   6.5334363e-01  -1.4823397e+00
   2.4936106e+00   8.1224406e+01
   2.9793050e+00   2.7219027e+01
   2.6791074e+00   6.1246301e+01
   4.9610916e+00   7.1459758e+01
  -3.9583391e-01  -3.9034823e+01
  -9.1852837e-01  -1.1446179e+01
   1.1039873e-01   3.5747342e+01
   1.1966200e+00   2.5789759e+01
   5.6813728e-01   4.7250488e+01
  -5.3297271e-02   7.7606668e+01
   4.2620719e-01   5.9042551e+01
  -2.0888294e+00  -1.5827164e+01
  -4.0551279e+00   2.9033360e+01
   6.7446755e+00   1.3964536e+02
  -3.8350520e+00  -6.1582644e+01
  -6.4754163e-01  -2.5763513e+01
   2.3324124e+00   1.2060797e+02
  -2.5284134e+00  -4.3775588e+01
   1.8014767e+00   2.7395268e+01
  -2.7659937e+00  -4.1457121e+01
  -3.8328832e-01  -5.5385199e+01
   1.6598447e+00   3.9191627e+01
  -6.3473178e-01   3.6692075e+01
  -1.8191339e-01   1.3126429e+01
  -5.6955797e+00  -5.4058469e+01
  -3.2214738e+00  -4.2685503e+01
  -7.2542153e+00  -1.7948385e+02
   3.0712537e-01   3.1631105e+01
  -4.7767948e+00  -3.5061543e+01
  -1.7579572e+00  -6.2909736e+01
   3.5027400e-01   4.0172038e+01
   5.6761939e-01   8.8741232e+01
   2.4517376e-01  -1.9607664e+00
  -1.7174085e+00  -1.3023787e+02
   1.7615357e+00   3.6426380e+01
   4.2706654e-01   5.1916792e+01
  -2.0640941e+00   2.6943032e+01
   2.8681785e+00   1.4737044e+01
  -1.6110883e-01  -4.9238505e+01
  -1.9958519e+00  -7.3080193e+01
   3.0662101e+00   3.9694924e+01
   9.1207890e-01   1.1893420e+01
  -2.4736724e+00  -1.0736484e+02
  -7.0077694e+00  -1.8347844e+02
  -9.4305541e-02   7.6001749e+01
   1.2754977e-02  -2.7597439e+01
   2.6842995e-01   1.0745729e+02
   1.8477017e-01  -1.1497906e+01
  -2.4147656e+00   2.5452081e+01
   3.1515743e+00   1.4213794e+02
   5.9017959e-01  -3.3923706e+01
   3.6905142e-01   4.7503943e+01
   3.0683100e+00   1.0598987e+02
   2.7330123e-02  -1.1720842e+01
   2.5509832e-01  -1.0682239e+00
   2.9823999e+00   1.3067103e+02
   3.4177755e+00   6.9333368e+01
   3.4205190e+00   7.4667930e-01
  -7.4209891e-01  -5.3786324e+01
  -1.7595582e+00  -3.5856067e+01
   4.1921250e-01  -1.0295918e+01
   1.9228789e+00   2.0370152e+01
   2.3729592e-01   2.6772249e+01
  -1.3901301e+00  -9.5449473e+01
  -2.0551575e+00  -6.4682456e+01
  -7.0097504e-01   2.0050833e+01
  -1.0932586e-01   2.0670844e+00
  -2.0033322e+00  -3.1628354e+01
  -3.3876833e+00   7.9847485e+00
   1.5906451e+00   3.8681622e+01
   1.0356952e+00   1.2691130e+02
   1.0576141e-01   5.1984952e+01
   1.2979375e+00   6.0228883e+01
  -3.8201116e+00  -1.1209014e+02
   2.3097494e+00  -1.1468775e+01
   2.2692263e+00   1.2765219e+02
   2.3218276e-01   1.0359131e+01
   7.8419289e-01  -3.9578492e+01
  -1.7195718e+00  -5.3679487e+01
  -1.1302213e+00   5.2498589e+01
   4.0763514e+00   7.7570481e+01
  -3.9355256e-01   5.0221951e+01
  -1.2731575e+00  -5.0770249e+01
  -1.1941443e+00   8.1485206e+00
   2.3701395e+00   4.8440530e+01
   2.9087271e+00   1.7620730e+01
   2.3935908e+00   8.3753582e+01
   8.1932275e-01   3.3763409e+01
  -5.0838763e-01   5.1629883e+01
  -9.6683372e+00  -2.3040843e+02
   2.2926070e-01   3.5921325e+01
   2.0198718e+00   8.4085086e+01
   4.6467303e-03  -2.8806486e+01
   1.0647544e+00  -1.4620399e+01
  -1.8978389e-01  -7.7957782e+00
   3.1763960e+00   7.4285664e+01
  -4.0672742e+00  -3.4324638e+01
   9.2232730e+00   1.6675964e+02
   2.7284579e+00   6.4152729e+01
   2.0697674e+00   8.0333552e+00
  -1.7645911e-01   3.1558554e+01
  -2.7520949e+00   1.7294828e+01
   8.9392817e-01   4.3039059e+01
  -2.0850229e+00   7.1845077e+01
  -1.8654167e-02  -1.8695629e+01
   4.0411211e+00   1.6150770e+02
  -3.2374226e+00  -1.3743407e+02
   2.3157922e+00   2.5030197e+01
  -4.6390869e+00  -1.2216794e+02
   2.2892709e+00   3.5303575e+00
  -2.9863678e-01  -4.9557099e+01
  -2.2179734e+00  -1.4589666e+02
   1.3580767e+00   6.2161649e+01
  -7.8839002e-01   3.2955632e+01
  -2.1669047e+00   2.6555970e+01
  -4.0836607e+00  -6.4612549e+01
   1.0256245e+00   6.7089516e+01
  -1.8134984e+00   1.3575110e+01
  -2.7555082e-01   2.3034496e+01
  -2.3006507e+00  -1.1347023e+02
  -1.1161160e+00   2.9691389e+01
   7.1047712e+00   1.8843605e+02
   3.4191653e+00   3.9327891e+01
   1.8962407e+00   7.8807434e+01
   9.5710902e+00   2.5836105e+02
  -1.9209710e+00  -9.3361060e+01
  -2.0167929e+00  -5.4866465e+01
   6.6949447e-01  -1.2011032e+01
   4.0464283e-01   2.9728528e+01
  -1.2481965e+00  -2.6399042e+00
   3.5985299e+00   5.3332715e+01
  -9.8614502e-02   3.4136550e+01
  -1.2437608e+00  -6.1304667e+01
  -2.2358588e+00  -2.6598585e+01
  -8.7213201e-01  -7.2209339e+01
   6.1826860e-02   4.3507090e+01
  -5.1972243e-02  -2.8169817e+01
   1.0590956e+00   3.6619505e+01
   2.4496731e+00   8.3563828e+01
   6.9747549e-01   6.7756646e+01
  -5.7899567e+00  -2.9282951e+01
   3.3727451e-01   2.2991795e+01
   1.0413400e+00   1.4660584e+01
  -7.5669988e+00  -1.9298919e+02
  -3.3666086e+00  -7.1628966e+01
   2.1414351e+00   8.2146363e+00
  -1.0974945e-01  -3.5975403e+01
   4.4041984e+00   1.4412904e+02
  -2.6579617e-01  -8.5511596e+01
  -1.2604033e+00  -1.4700762e+02
  -3.4023578e-01   4.9907170e+01
   2.1875941e+00   2.1932613e+01
   1.3926188e+00   5.8008064e+01
   3.2768545e+00   8.1065144e+00
   3.8029633e-01   4.7441651e+01
  -1.0000729e+00   8.5582039e+01
  -1.3568909e+00  -6.8567578e+01
   1.2234359e+00   2.6395439e+01
   2.7962586e+00   7.8224958e+01
  -1.0188134e+00  -5.6716412e+01
  -2.5297233e-01   5.1864545e+01
   2.8698933e-01  -3.9836578e+00
   1.5649890e+00   4.8724049e+01
  -2.2536445e+00  -8.5787888e+01
   4.1718277e-01   5.4521691e+01
   1.1562025e+00   1.8672176e+01
   2.3358402e+00   5.6870592e+01
   2.4214496e+00   1.9379043e+01
   2.2511664e+00   6.9420547e+01
   5.6958790e-02   3.0584134e+01
   9.2217823e-01   5.7337841e+01
   2.1326364e+00   7.4015875e+01
  -4.4947853e-02  -3.9734619e+01
   1.4801685e+00   6.0038879e+01
   3.8891251e+00   1.3386429e+02
  -4.1269481e-01   9.7870529e+00
   1.6997151e+00   1.8174477e+01
  -5.7002978e+00  -1.5858107e+02
  -6.1212764e+00  -8.8260959e+01
  -1.4589359e+00  -1.2929098e+01
  -5.1617266e+00  -1.3730609e+02
   1.7671557e+00   5.9614484e+01
  -1.6479793e-01  -3.1497573e+01
  -6.5427950e-01  -8.1209883e+01
  -1.1370925e+01  -2.4867144e+02
  -4.3535638e+00  -4.5554366e+01
   4.2032875e+00   1.1567701e+02
  -5.4794811e+00  -8.8683342e+01
  -8.5891877e-02  -6.8733969e+01
  -2.8851610e+00  -1.1177768e+01
  -5.1562502e-01  -2.1503496e+01
   2.3930551e+00   8.1866006e+01
   4.2382043e+00   6.4068816e+01
   8.1217003e-01   5.0661284e+00
   2.3614457e+00   8.4511366e+01
   1.1812925e-01   1.2384174e+02
   2.5261187e-01   5.8116210e+01
  -2.1761058e-01   1.8833329e+01
  -1.7110055e-01   1.2925807e+01
   2.2009100e+00   5.4942966e+01
   1.9825022e+00   5.0044675e+01
  -1.8269459e+00  -5.2186251e+01
  -4.1043260e+00  -1.6366101e+02
   3.4550102e-01   8.9023190e+01
   7.2984388e-01   6.4595188e+01
   8.7072576e+00   1.3825404e+02
